-999 -999 -40.1915 -0.574478
-999 -949 -40.2382 -0.618432
-999 -899 -40.2926 -0.663673
-999 -849 -40.3556 -0.709502
-999 -799 -40.428 -0.754974
-999 -749 -40.5107 -0.798869
-999 -699 -40.6042 -0.839655
-999 -649 -40.7088 -0.875476
-999 -599 -40.8246 -0.904161
-999 -549 -40.9509 -0.923259
-999 -499 -41.0865 -0.930128
-999 -449 -41.2296 -0.922069
-999 -399 -41.3771 -0.89652
-999 -349 -41.5254 -0.851299
-999 -299 -41.67 -0.784884
-999 -249 -41.8056 -0.696694
-999 -199 -41.9267 -0.587335
-999 -149 -42.0277 -0.458754
-999 -99 -42.1038 -0.314273
-999 -49 -42.1509 -0.158442
-999 1 -42.1665 0.00325298
-999 51 -42.1496 0.164826
-999 101 -42.1013 0.320304
-999 151 -42.0241 0.464229
-999 201 -41.9222 0.592096
-999 251 -41.8004 0.700637
-999 301 -41.6643 0.787959
-999 351 -41.5195 0.853507
-999 401 -41.3711 0.897907
-999 451 -41.2237 0.922711
-999 501 -41.081 0.930122
-999 551 -40.9457 0.922712
-999 601 -40.8197 0.903181
-999 651 -40.7044 0.874165
-999 701 -40.6002 0.838105
-999 751 -40.5072 0.797162
-999 801 -40.4249 0.753177
-999 851 -40.3529 0.707668
-999 901 -40.2902 0.661847
-999 951 -40.2362 0.616645
-949 -999 -40.1746 -0.618432
-949 -949 -40.2234 -0.670149
-949 -899 -40.281 -0.724172
-949 -849 -40.3486 -0.779816
-949 -799 -40.4274 -0.836103
-949 -749 -40.5186 -0.891703
-949 -699 -40.6232 -0.944876
-949 -649 -40.742 -0.993436
-949 -599 -40.8752 -1.03473
-949 -549 -41.0226 -1.06566
-949 -499 -41.183 -1.08279
-949 -449 -41.3545 -1.08244
-949 -399 -41.5337 -1.06102
-949 -349 -41.716 -1.01527
-949 -299 -41.8958 -0.942739
-949 -249 -42.0661 -0.842156
-949 -199 -42.2196 -0.713856
-949 -149 -42.3487 -0.560048
-949 -99 -42.4464 -0.384913
-949 -49 -42.5072 -0.194439
-949 1 -42.5273 0.00399464
-949 51 -42.5055 0.202264
-949 101 -42.4432 0.392258
-949 151 -42.3441 0.566644
-949 201 -42.2139 0.719498
-949 251 -42.0596 0.84672
-949 301 -41.8887 0.946175
-949 351 -41.7087 1.0176
-949 401 -41.5264 1.06232
-949 451 -41.3475 1.08284
-949 501 -41.1764 1.08241
-949 551 -41.0164 1.06467
-949 601 -40.8696 1.03325
-949 651 -40.7369 0.991614
-949 701 -40.6188 0.942821
-949 751 -40.5147 0.889512
-949 801 -40.424 0.833855
-949 851 -40.3457 0.77757
-949 901 -40.2785 0.721974
-949 951 -40.2213 0.668033
-899 -999 -40.1523 -0.663674
-899 -949 -40.2025 -0.724172
-899 -899 -40.2628 -0.788299
-899 -849 -40.3346 -0.855445
-899 -799 -40.4197 -0.924653
-899 -749 -40.5196 -0.99453
-899 -699 -40.636 -1.06316
-899 -649 -40.7702 -1.12801
-899 -599 -40.9232 -1.18591
-899 -549 -41.095 -1.23299
-899 -499 -41.2851 -1.26477
-899 -449 -41.4912 -1.27632
-899 -399 -41.7097 -1.26258
-899 -349 -41.9353 -1.21876
-899 -299 -42.1605 -1.14095
-899 -249 -42.3765 -1.02672
-899 -199 -42.5732 -0.875831
-899 -149 -42.74 -0.690667
-899 -99 -42.8671 -0.476489
-899 -49 -42.9465 -0.241257
-899 1 -42.9729 0.00496025
-899 51 -42.9443 0.25095
-899 101 -42.8629 0.485521
-899 151 -42.734 0.698675
-899 201 -42.5658 0.88255
-899 251 -42.3682 1.032
-899 301 -42.1516 1.14475
-899 351 -41.9262 1.22115
-899 401 -41.7008 1.26368
-899 451 -41.4827 1.27631
-899 501 -41.2771 1.26385
-899 551 -41.0878 1.23137
-899 601 -40.9167 1.18378
-899 651 -40.7645 1.12553
-899 701 -40.631 1.06047
-899 751 -40.5153 0.991744
-899 801 -40.416 0.921861
-899 851 -40.3315 0.852712
-899 901 -40.2601 0.785671
-899 951 -40.2003 0.721679
-849 -999 -40.1237 -0.709502
-849 -949 -40.1745 -0.779816
-849 -899 -40.2366 -0.855446
-849 -849 -40.312 -0.935938
-849 -799 -40.4028 -1.02044
-849 -749 -40.5113 -1.1076
-849 -699 -40.6399 -1.19537
-849 -649 -40.7907 -1.28094
-849 -599 -40.9656 -1.36057
-849 -549 -41.1656 -1.4295
-849 -499 -41.3906 -1.48199
-849 -449 -41.6389 -1.51146
-849 -399 -41.9065 -1.51083
-849 -349 -42.1871 -1.47306
-849 -299 -42.4716 -1.392
-849 -249 -42.7482 -1.26334
-849 -199 -43.0031 -1.08567
-849 -149 -43.2215 -0.861316
-849 -99 -43.3893 -0.596876
-849 -49 -43.4946 -0.303039
-849 1 -43.5296 0.00623607
-849 51 -43.4917 0.31519
-849 101 -43.3837 0.608102
-849 151 -43.2136 0.871118
-849 201 -42.9935 1.0937
-849 251 -42.7375 1.26943
-849 301 -42.4603 1.39614
-849 351 -42.1758 1.47537
-849 401 -41.8955 1.51152
-849 451 -41.6285 1.51082
-849 501 -41.3812 1.48029
-849 551 -41.1572 1.42701
-849 601 -40.9582 1.35755
-849 651 -40.7842 1.27761
-849 701 -40.6343 1.19188
-849 751 -40.5066 1.10408
-849 801 -40.3988 1.017
-849 851 -40.3087 0.932634
-849 901 -40.2339 0.852323
-849 951 -40.1723 0.7769
-799 -999 -40.0879 -0.754975
-799 -949 -40.1383 -0.836104
-799 -899 -40.2011 -0.924654
-799 -849 -40.2788 -1.02045
-799 -799 -40.3743 -1.12287
-799 -749 -40.4907 -1.23073
-799 -699 -40.6313 -1.34201
-799 -649 -40.7995 -1.45372
-799 -599 -40.9984 -1.56157
-799 -549 -41.2303 -1.65987
-799 -499 -41.4963 -1.74137
-799 -449 -41.7956 -1.79737
-799 -399 -42.1244 -1.81802
-799 -349 -42.4756 -1.79306
-799 -299 -42.8378 -1.71289
-799 -249 -43.1957 -1.57008
-799 -199 -43.5301 -1.36102
-799 -149 -43.8202 -1.08749
-799 -99 -44.0451 -0.757617
-799 -49 -44.1872 -0.385902
-799 1 -44.2346 0.00794977
-799 51 -44.1833 0.401339
-799 101 -44.0376 0.771731
-799 151 -43.8097 1.09959
-799 201 -43.5174 1.37066
-799 251 -43.1817 1.57705
-799 301 -42.8233 1.71726
-799 351 -42.4613 1.79506
-799 401 -42.1108 1.818
-799 451 -41.783 1.79574
-799 501 -41.4851 1.73854
-799 551 -41.2204 1.6562
-799 601 -40.9898 1.55739
-799 651 -40.7922 1.44929
-799 701 -40.6252 1.33753
-799 751 -40.4856 1.22633
-799 801 -40.3701 1.11866
-799 851 -40.2754 1.01648
-799 901 -40.1983 0.92097
-799 951 -40.136 0.832716
-749 -999 -40.0441 -0.79887
-749 -949 -40.0926 -0.891704
-749 -899 -40.1545 -0.99453
-749 -849 -40.2329 -1.1076
-749 -799 -40.3315 -1.23073
-749 -749 -40.4544 -1.36309
-749 -699 -40.6061 -1.50294
-749 -649 -40.7916 -1.64729
-749 -599 -41.0158 -1.7915
-749 -549 -41.2832 -1.92897
-749 -499 -41.5967 -2.05075
-749 -449 -41.9573 -2.1455
-749 -399 -42.3622 -2.1997
-749 -349 -42.804 -2.19844
-749 -299 -43.2689 -2.12688
-749 -249 -43.7369 -1.97243
-749 -199 -44.1816 -1.72747
-749 -149 -44.5729 -1.39208
-749 -99 -44.8797 -0.975993
-749 -49 -45.0751 -0.499086
-749 1 -45.1405 0.0102947
-749 51 -45.0697 0.518996
-749 101 -44.8694 0.993967
-749 151 -44.5587 1.40714
-749 201 -44.1647 1.73904
-749 251 -43.7184 1.98031
-749 301 -43.2501 2.13126
-749 351 -42.7858 2.19974
-749 401 -42.3453 2.19849
-749 451 -41.942 2.14239
-749 501 -41.5832 2.04631
-749 551 -41.2716 1.9237
-749 601 -41.0061 1.78581
-749 651 -40.7835 1.64148
-749 701 -40.5994 1.49724
-749 751 -40.4489 1.35764
-749 801 -40.3271 1.22562
-749 851 -40.2294 1.10288
-749 901 -40.1517 0.990221
-749 951 -40.0904 0.887801
-699 -999 -39.9917 -0.839656
-699 -949 -40.0364 -0.944877
-699 -899 -40.0953 -1.06316
-699 -849 -40.1722 -1.19537
-699 -799 -40.2714 -1.34202
-699 -749 -40.3983 -1.50294
-699 -699 -40.559 -1.67702
-699 -649 -40.7606 -1.86166
-699 -599 -41.0103 -2.05223
-699 -549 -41.3157 -2.24142
-699 -499 -41.6831 -2.41862
-699 -449 -42.1165 -2.56937
-699 -399 -42.6156 -2.6754
-699 -349 -43.1736 -2.71523
-699 -299 -43.775 -2.66605
-699 -249 -44.3939 -2.50683
-699 -199 -44.9939 -2.22266
-699 -149 -45.5309 -1.80957
-699 -99 -45.9578 -1.27852
-699 -49 -46.2321 -0.656913
-699 1 -46.3244 0.0135716
-699 51 -46.2245 0.68303
-699 101 -45.9434 1.30173
-699 151 -45.5112 1.82848
-699 201 -44.9708 2.23652
-699 251 -44.3692 2.51553
-699 301 -43.7504 2.67001
-699 351 -43.1503 2.7152
-699 401 -42.5944 2.67228
-699 451 -42.0979 2.56407
-699 501 -41.6672 2.41193
-699 551 -41.3024 2.234
-699 601 -40.9993 2.04457
-699 651 -40.7516 1.85412
-699 701 -40.5518 1.66983
-699 751 -40.3926 1.49624
-699 801 -40.2669 1.33587
-699 851 -40.1687 1.18981
-699 901 -40.0926 1.05816
-699 951 -40.0343 0.940424
-649 -999 -39.93 -0.875478
-649 -949 -39.9687 -0.993437
-649 -899 -40.022 -1.12802
-649 -849 -40.0942 -1.28095
-649 -799 -40.1906 -1.45372
-649 -749 -40.3179 -1.64729
-649 -699 -40.484 -1.86166
-649 -649 -40.6984 -2.09525
-649 -599 -40.972 -2.34411
-649 -549 -41.3164 -2.60084
-649 -499 -41.7428 -2.85349
-649 -449 -42.2608 -3.08433
-649 -399 -42.8751 -3.26919
-649 -349 -43.5819 -3.37762
-649 -299 -44.3653 -3.37484
-649 -249 -45.193 -3.22601
-649 -199 -46.0152 -2.90305
-649 -149 -46.7663 -2.3932
-649 -99 -47.3733 -1.70696
-649 -49 -47.768 -0.882243
-649 1 -47.9017 0.0182625
-649 51 -47.757 0.91717
-649 101 -47.3527 1.73741
-649 151 -46.7385 2.41714
-649 201 -45.9832 2.91954
-649 251 -45.1596 3.23516
-649 301 -44.3328 3.37754
-649 351 -43.552 3.37518
-649 401 -42.8487 3.26304
-649 451 -42.2383 3.0758
-649 501 -41.7241 2.84366
-649 551 -41.3011 2.59055
-649 601 -40.9598 2.33394
-649 651 -40.6888 2.08558
-649 701 -40.4765 1.8527
-649 751 -40.3121 1.63914
-649 801 -40.1862 1.44641
-649 851 -40.0909 1.27446
-649 901 -40.0196 1.12229
-649 951 -39.9669 0.988412
-599 -999 -39.8588 -0.904163
-599 -949 -39.889 -1.03473
-599 -899 -39.9335 -1.18591
-599 -849 -39.9971 -1.36057
-599 -799 -40.0861 -1.56157
-599 -749 -40.2084 -1.79151
-599 -699 -40.3741 -2.05223
-599 -649 -40.5957 -2.34411
-599 -599 -40.8883 -2.66495
-599 -549 -41.2692 -3.00852
-599 -499 -41.7572 -3.36254
-599 -449 -42.3704 -3.70654
-599 -399 -43.1228 -4.00973
-599 -349 -44.0185 -4.22992
-599 -299 -45.0447 -4.31477
-599 -249 -46.1641 -4.20702
-599 -199 -47.3089 -3.85495
-599 -149 -48.3819 -3.22729
-599 -99 -49.2671 -2.32922
-599 -49 -49.851 -1.2128
-599 1 -50.0501 0.025167
-599 51 -49.8346 1.26056
-599 101 -49.2368 2.36984
-599 151 -48.3418 3.25776
-599 201 -47.2638 3.87422
-599 251 -46.1183 4.21573
-599 301 -45.0016 4.31469
-599 351 -43.98 4.22334
-599 401 -43.0899 3.99888
-599 451 -42.3433 3.69332
-599 501 -41.7354 3.3484
-599 551 -41.252 2.99447
-599 601 -40.875 2.65163
-599 651 -40.5856 2.33185
-599 701 -40.3665 2.0412
-599 751 -40.2028 1.78173
-599 801 -40.082 1.55299
-599 851 -39.9942 1.3531
-599 901 -39.9314 1.17944
-599 951 -39.8875 1.02913
-549 -999 -39.7782 -0.923261
-549 -949 -39.797 -1.06567
-549 -899 -39.829 -1.23299
-549 -849 -39.8794 -1.4295
-549 -799 -39.9551 -1.65987
-549 -749 -40.0654 -1.92897
-549 -699 -40.2223 -2.24143
-549 -649 -40.4419 -2.60085
-549 -599 -40.7441 -3.00852
-549 -549 -41.1538 -3.46141
-549 -499 -41.7001 -3.94928
-549 -449 -42.4147 -4.45081
-549 -399 -43.3274 -4.92919
-549 -349 -44.4586 -5.3281
-549 -299 -45.8075 -5.57051
-549 -249 -47.3366 -5.56348
-549 -199 -48.9577 -5.21286
-549 -149 -50.5263 -4.44911
-549 -99 -51.8543 -3.25944
-549 -49 -52.7465 -1.7133
-549 1 -53.0537 0.0356655
-549 51 -52.7213 1.7803
-549 101 -51.8083 3.31463
-549 151 -50.4668 4.48799
-549 201 -48.8927 5.23449
-549 251 -47.2729 5.56977
-549 301 -45.7497 5.56496
-549 351 -44.4091 5.31458
-549 401 -43.2867 4.91113
-549 451 -42.3825 4.43089
-549 501 -41.6753 3.92932
-549 551 -41.135 3.44253
-549 601 -40.7301 2.9913
-549 651 -40.4316 2.58554
-549 701 -40.215 2.22805
-549 751 -40.0601 1.9174
-549 801 -39.9515 1.64994
-549 851 -39.8769 1.42102
-549 901 -39.8274 1.22577
-549 951 -39.796 1.05952
-499 -999 -39.689 -0.930131
-499 -949 -39.6931 -1.08279
-499 -899 -39.7085 -1.26477
-499 -849 -39.7402 -1.48199
-499 -799 -39.7956 -1.74137
-499 -749 -39.8848 -2.05075
-499 -699 -40.0217 -2.41862
-499 -649 -40.2256 -2.85349
-499 -599 -40.522 -3.36254
-499 -549 -40.9447 -3.94928
-499 -499 -41.5365 -4.60966
-499 -449 -42.3487 -5.3261
-499 -399 -43.437 -6.05941
-499 -349 -44.8527 -6.73931
-499 -299 -46.6243 -7.2566
-499 -249 -48.7298 -7.46337
-499 -199 -51.0643 -7.19031
-499 -149 -53.4159 -6.28921
-499 -99 -55.4741 -4.6974
-499 -49 -56.8903 -2.49986
-499 1 -57.384 0.0522558
-499 51 -56.85 2.59673
-499 101 -55.4019 4.77383
-499 151 -53.3251 6.33852
-499 201 -50.9688 7.21249
-499 251 -48.6401 7.46318
-499 301 -46.5467 7.24078
-499 351 -44.7894 6.71437
-499 401 -43.3875 6.03052
-499 451 -42.3112 5.29677
-499 501 -41.509 4.58199
-499 551 -40.9249 3.92434
-499 601 -40.508 3.34069
-499 651 -40.2158 2.83471
-499 701 -40.0151 2.40268
-499 751 -39.8804 2.03731
-499 801 -39.7928 1.73009
-499 851 -39.7385 1.47254
-499 901 -39.7076 1.25686
-499 951 -39.6928 1.07616
-449 -999 -39.5924 -0.922072
-449 -949 -39.5788 -1.08244
-449 -899 -39.5731 -1.27633
-449 -849 -39.5802 -1.51147
-449 -799 -39.6072 -1.79737
-449 -749 -39.6644 -2.1455
-449 -699 -39.767 -2.56938
-449 -649 -39.9365 -3.08434
-449 -599 -40.204 -3.70655
-449 -549 -40.6127 -4.45082
-449 -499 -41.2219 -5.32611
-449 -449 -42.1091 -6.32749
-449 -399 -43.3701 -7.42321
-449 -349 -45.1096 -8.5361
-449 -299 -47.4189 -9.52185
-449 -249 -50.3291 -10.1535
-449 -199 -53.7435 -10.1319
-449 -149 -57.3657 -9.14774
-449 -99 -60.6771 -7.00889
-449 -49 -63.0288 -3.79224
-449 1 -63.8623 0.0797166
-449 51 -62.961 3.93737
-449 101 -60.5587 7.11677
-449 151 -57.2227 9.20869
-449 201 -53.6002 10.1493
-449 251 -50.2018 10.1387
-449 301 -47.3149 9.48744
-449 351 -45.0296 8.49281
-449 401 -43.3112 7.37835
-449 451 -42.0672 6.28529
-449 501 -41.1927 5.28857
-449 551 -40.5929 4.41856
-449 601 -40.1909 3.67941
-449 651 -39.9281 3.06179
-449 701 -39.7617 2.55079
-449 751 -39.6614 2.13022
-449 801 -39.6056 1.78483
-449 851 -39.5796 1.50116
-449 901 -39.5732 1.26783
-449 951 -39.5792 1.07543
-399 -999 -39.4905 -0.896523
-399 -949 -39.4562 -1.06102
-399 -899 -39.4253 -1.26259
-399 -849 -39.4018 -1.51084
-399 -799 -39.3917 -1.81803
-399 -749 -39.4048 -2.19971
-399 -699 -39.4558 -2.67541
-399 -649 -39.5674 -3.2692
-399 -599 -39.7741 -4.00975
-399 -549 -40.1275 -4.92921
-399 -499 -40.704 -6.05943
-399 -449 -41.6132 -7.42323
-399 -399 -43.0056 -9.01679
-399 -349 -45.0726 -10.7788
-399 -299 -48.026 -12.5437
-399 -249 -52.0329 -13.9876
-399 -199 -57.0871 -14.5988
-399 -149 -62.8248 -13.7434
-399 -99 -68.3854 -10.8998
-399 -49 -72.5088 -6.0338
-399 1 -74.0042 0.127832
-399 51 -72.3879 6.26069
-399 101 -68.1816 11.0545
-399 151 -62.5913 13.8134
-399 201 -56.8678 14.5982
-399 251 -51.8516 13.9418
-399 301 -47.8884 12.4765
-399 351 -44.9743 10.7067
-399 401 -42.9383 8.94914
-399 451 -41.5687 7.3641
-399 501 -40.6754 6.00983
-399 551 -40.1097 4.88858
-399 601 -39.7634 3.97691
-399 651 -39.5614 3.24284
-399 701 -39.4528 2.65429
-399 751 -39.4036 2.18278
-399 801 -39.3918 1.80442
-399 851 -39.4025 1.49987
-399 901 -39.4264 1.2537
-399 951 -39.4575 1.05378
-349 -999 -39.386 -0.851302
-349 -949 -39.3287 -1.01527
-349 -899 -39.2689 -1.21877
-349 -849 -39.2092 -1.47307
-349 -799 -39.1538 -1.79307
-349 -749 -39.1102 -2.19845
-349 -699 -39.091 -2.71525
-349 -649 -39.1172 -3.37764
-349 -599 -39.223 -4.22995
-349 -549 -39.4642 -5.32813
-349 -499 -39.9303 -6.73934
-349 -449 -40.7626 -8.53614
-349 -399 -42.1777 -10.7788
-349 -349 -44.4912 -13.4739
-349 -299 -48.1239 -16.4929
-349 -249 -53.5414 -19.4399
-349 -199 -61.0516 -21.5005
-349 -149 -70.3868 -21.4107
-349 -99 -80.1901 -17.8173
-349 -49 -87.9168 -10.1915
-349 1 -90.8129 0.218386
-349 51 -87.6849 10.5649
-349 101 -79.818 18.0399
-349 151 -69.991 21.4737
-349 201 -60.7114 21.4498
-349 251 -53.2854 19.332
-349 301 -47.9473 16.3697
-349 351 -44.3765 13.3584
-349 401 -42.1063 10.6802
-349 451 -40.7199 8.45601
-349 501 -39.9058 6.67597
-349 551 -39.451 5.27867
-349 601 -39.2166 4.19155
-349 651 -39.1149 3.34783
-349 701 -39.0911 2.69204
-349 751 -39.1116 2.18029
-349 801 -39.1558 1.77878
-349 851 -39.2115 1.46175
-349 901 -39.2713 1.20974
-349 951 -39.331 1.00802
-299 -999 -39.2825 -0.784888
-299 -949 -39.2006 -0.942743
-299 -899 -39.1095 -1.14095
-299 -849 -39.0093 -1.39201
-299 -799 -38.9016 -1.7129
-299 -749 -38.7901 -2.12689
-299 -699 -38.6827 -2.66607
-299 -649 -38.5948 -3.37487
-299 -599 -38.5545 -4.3148
-299 -549 -38.6132 -5.57056
-299 -499 -38.8619 -7.25666
-299 -449 -39.461 -9.52193
-299 -399 -40.6869 -12.5438
-299 -349 -43.003 -16.4929
-299 -299 -47.1421 -21.4268
-299 -249 -54.1428 -27.045
-299 -199 -65.1521 -32.2534
-299 -149 -80.6481 -34.691
-299 -99 -98.8868 -30.9415
-299 -49 -114.611 -18.5896
-299 51 -114.122 19.2434
-299 101 -98.1593 31.2507
-299 151 -79.9532 34.6886
-299 201 -64.624 32.0779
-299 251 -53.7929 26.8172
-299 301 -46.9294 21.2124
-299 351 -42.8812 16.3157
-299 401 -40.6208 12.4061
-299 451 -39.4273 9.41803
-299 501 -38.8466 7.1792
-299 551 -38.608 5.51294
-299 601 -38.5547 4.27179
-299 651 -38.5976 3.34255
-299 701 -38.6868 2.64159
-299 751 -38.7945 2.10818
-299 801 -38.906 1.69845
-299 851 -39.0135 1.38076
-299 901 -39.1133 1.13211
-299 951 -39.2041 0.935725
-249 -999 -39.184 -0.696698
-249 -949 -39.0774 -0.842161
-249 -899 -38.9539 -1.02673
-249 -849 -38.8112 -1.26335
-249 -799 -38.6468 -1.57009
-249 -749 -38.4594 -1.97244
-249 -699 -38.2496 -2.50685
-249 -649 -38.0223 -3.22604
-249 -599 -37.7924 -4.20707
-249 -549 -37.5934 -5.56354
-249 -499 -37.4972 -7.46346
-249 -449 -37.6508 -10.1536
-249 -399 -38.348 -13.9878
-249 -349 -40.164 -19.4401
-249 -299 -44.1895 -27.0451
-249 -249 -52.3663 -37.1
-249 -199 -67.7019 -48.7911
-249 201 -66.9066 48.3246
-249 251 -51.925 36.6545
-249 301 -43.9652 26.694
-249 351 -40.0585 19.1841
-249 401 -38.3038 13.8068
-249 451 -37.6369 10.0268
-249 501 -37.4976 7.37424
-249 551 -37.6 5.50019
-249 601 -37.8013 4.16152
-249 651 -38.0316 3.19286
-249 701 -38.2584 2.48235
-249 751 -38.4674 1.9541
-249 801 -38.6538 1.55618
-249 851 -38.8173 1.25268
-249 901 -38.9592 1.01845
-249 951 -39.082 0.835664
-199 -999 -39.0952 -0.587338
-199 -949 -38.965 -0.71386
-199 -899 -38.8104 -0.875837
-199 -849 -38.6257 -1.08567
-199 -799 -38.4044 -1.36104
-199 -749 -38.1387 -1.72749
-199 -699 -37.8194 -2.22268
-199 -649 -37.4375 -2.90308
-199 -599 -36.9859 -3.855
-199 -549 -36.4659 -5.21293
-199 -499 -35.9016 -7.19042
-199 -449 -35.3735 -10.132
-199 -399 -35.097 -14.599
-199 -349 -35.604 -21.5009
-199 -299 -38.1569 -32.254
-199 -249 -45.6452 -48.7917
-199 251 -45.1884 47.994
-199 301 -37.9872 31.7268
-199 351 -35.5565 21.1622
-199 401 -35.0982 14.3811
-199 451 -35.3919 9.98974
-199 501 -35.9243 7.09567
-199 551 -36.4879 5.14847
-199 601 -37.0053 3.81023
-199 651 -37.4541 2.87136
-199 701 -37.8333 2.19977
-199 751 -38.1503 1.71066
-199 801 -38.4141 1.34847
-199 851 -38.6337 1.07616
-199 901 -38.8171 0.868536
-199 951 -38.9707 0.708187
-149 -999 -39.0203 -0.458757
-149 -949 -38.8696 -0.560051
-149 -899 -38.6873 -0.690672
-149 -849 -38.4648 -0.861323
-149 -799 -38.1913 -1.0875
-149 -749 -37.852 -1.39209
-149 -699 -37.4274 -1.80959
-149 -649 -36.8916 -2.39323
-149 -599 -36.2105 -3.22733
-149 -549 -35.3406 -4.44918
-149 -499 -34.2311 -6.28933
-149 -449 -32.8351 -9.14793
-149 -399 -31.1538 -13.7438
-149 -349 -29.3772 -21.4113
-149 -299 -28.3197 -34.6921
-149 301 -28.3246 34.0028
-149 351 -29.4435 21.0194
-149 401 -31.2253 13.5127
-149 451 -32.8967 9.00649
-149 501 -34.2807 6.1996
-149 551 -35.3797 4.39038
-149 601 -36.241 3.18767
-149 651 -36.9156 2.36577
-149 701 -37.4463 1.79013
-149 751 -37.8671 1.37802
-149 801 -38.2034 1.07713
-149 851 -38.4746 0.853553
-149 901 -38.6953 0.684763
-149 951 -38.8762 0.555495
-99 -999 -38.9637 -0.314274
-99 -949 -38.7969 -0.384915
-99 -899 -38.5927 -0.476492
-99 -849 -38.3402 -0.596881
-99 -799 -38.0244 -0.757623
-99 -749 -37.6247 -0.976002
-99 -699 -37.1117 -1.27853
-99 -649 -36.4435 -1.70699
-99 -599 -35.559 -2.32925
-99 -549 -34.3668 -3.2595
-99 -499 -32.729 -4.6975
-99 -449 -30.4343 -7.00907
-99 -399 -27.1597 -10.9001
-99 -349 -22.4324 -17.818
-99 -299 -15.6796 -30.943
-99 301 -15.9941 30.2275
-99 351 -22.6567 17.4522
-99 401 -27.3149 10.6997
-99 451 -30.5423 6.89263
-99 501 -32.8054 4.62643
-99 551 -34.4219 3.21427
-99 601 -35.5995 2.29942
-99 651 -36.4739 1.68669
-99 701 -37.1348 1.26435
-99 751 -37.6426 0.965867
-99 801 -38.0385 0.750226
-99 851 -38.3514 0.591383
-99 901 -38.6017 0.472338
-99 951 -38.8042 0.38173
-49 -999 -38.9284 -0.158442
-49 -949 -38.7514 -0.194441
-49 -899 -38.5333 -0.241259
-49 -849 -38.2615 -0.303041
-49 -799 -37.9183 -0.385905
-49 -749 -37.4788 -0.499091
-49 -699 -36.907 -0.656921
-49 -649 -36.1493 -0.882255
-49 -599 -35.1242 -1.21282
-49 -549 -33.7033 -1.71333
-49 -499 -31.6777 -2.49992
-49 -449 -28.6927 -3.79235
-49 -399 -24.1164 -6.03401
-49 -349 -16.7577 -10.1919
-49 -299 -4.21897 -18.5908
-49 301 -4.87069 18.1172
-49 351 -17.1295 9.96708
-49 401 -24.3423 5.91671
-49 451 -28.8372 3.7265
-49 501 -31.7741 2.4607
-49 551 -33.77 1.68883
-49 601 -35.1717 1.19689
-49 651 -36.1841 0.871539
-49 701 -36.933 0.649501
-49 751 -37.4986 0.493823
-49 801 -37.9336 0.382083
-49 851 -38.2736 0.300214
-49 901 -38.543 0.239132
-49 951 -38.7592 0.192816
1 -999 -38.9168 0.003253
1 -949 -38.7364 0.00399467
1 -899 -38.5136 0.00496029
1 -849 -38.2352 0.00623612
1 -799 -37.8827 0.00794984
1 -749 -37.4298 0.0102948
1 -699 -36.8378 0.0135718
1 -649 -36.0492 0.0182628
1 -599 -34.975 0.0251674
1 -549 -33.4732 0.0356662
1 -499 -31.3082 0.052257
1 -449 -28.0691 0.0797189
1 -399 -22.9984 0.127837
1 -349 -14.5946 0.218397
1 301 -0.399971 -0.394714
1 351 -15.0264 -0.213461
1 401 -23.2516 -0.125305
1 451 -28.2272 -0.0783142
1 501 -31.4118 -0.0514275
1 551 -33.544 -0.0351512
1 601 -35.025 -0.0248341
1 651 -36.0855 -0.0180394
1 701 -36.8648 -0.0134176
1 751 -37.4502 -0.0101856
1 801 -37.8985 -0.00787074
1 851 -38.2476 -0.00617771
1 901 -38.5235 -0.00491639
1 951 -38.7443 -0.00396117
51 -999 -38.9294 0.164827
51 -949 -38.7527 0.202265
51 -899 -38.535 0.250951
51 -849 -38.2636 0.315192
51 -799 -37.9212 0.401343
51 -749 -37.4829 0.519001
51 -699 -36.9127 0.683038
51 -649 -36.1576 0.917182
51 -599 -35.1364 1.26058
51 -549 -33.7221 1.78033
51 -499 -31.7078 2.59679
51 -449 -28.7433 3.93748
51 -399 -24.2065 6.2609
51 -349 -16.9301 10.5653
51 -299 -4.58136 19.2446
51 301 -5.22174 -18.7557
51 351 -17.2972 -10.3327
51 401 -24.4302 -6.13938
51 451 -28.8867 -3.86919
51 501 -31.8037 -2.55609
51 551 -33.7885 -1.7549
51 601 -35.1838 -1.24403
51 651 -36.1922 -0.906049
51 701 -36.9386 -0.675327
51 751 -37.5026 -0.513526
51 801 -37.9365 -0.39737
51 851 -38.2757 -0.312253
51 901 -38.5446 -0.248739
51 951 -38.7605 -0.200575
101 -999 -38.9655 0.320306
101 -949 -38.7993 0.39226
101 -899 -38.5958 0.485524
101 -849 -38.3443 0.608106
101 -799 -38.03 0.771738
101 -749 -37.6323 0.993977
101 -699 -37.1224 1.30174
101 -649 -36.4589 1.73744
101 -599 -35.5815 2.36987
101 -549 -34.4008 3.31469
101 -499 -32.7823 4.77393
101 -449 -30.5212 7.11695
101 -399 -27.3085 11.0548
101 -349 -22.7017 18.0406
101 -299 -16.199 31.2521
101 301 -16.4993 -30.5332
101 351 -22.9193 -17.6716
101 401 -27.4604 -10.8521
101 451 -30.6275 -6.999
101 501 -32.8577 -4.70184
101 551 -34.4553 -3.26876
101 601 -35.6217 -2.33956
101 651 -36.489 -1.71681
101 701 -37.1454 -1.28733
101 751 -37.6502 -0.983665
101 801 -38.044 -0.764208
101 851 -38.3555 -0.602509
101 901 -38.6048 -0.481294
101 951 -38.8066 -0.389017
151 -999 -39.023 0.464232
151 -949 -38.873 0.566647
151 -899 -38.6917 0.69868
151 -849 -38.4707 0.871124
151 -799 -38.1991 1.0996
151 -749 -37.8625 1.40716
151 -699 -37.4419 1.8285
151 -649 -36.9119 2.41717
151 -599 -36.2398 3.25781
151 -549 -35.3838 4.48806
151 -499 -34.2965 6.33863
151 -449 -32.9372 9.20888
151 -399 -31.3182 13.8137
151 -349 -29.65 21.4743
151 -299 -28.7825 34.6897
151 301 -28.7777 -34.0052
151 351 -29.7107 -21.0833
151 401 -31.3865 -13.5825
151 451 -32.997 -9.06698
151 501 -34.345 -6.24846
151 551 -35.4222 -4.4289
151 601 -36.2699 -3.21785
151 651 -36.9356 -2.38948
151 701 -37.4606 -1.80887
151 751 -37.8774 -1.39295
151 801 -38.2111 -1.08913
151 851 -38.4804 -0.863275
151 901 -38.6996 -0.692707
151 951 -38.8796 -0.562041
201 -999 -39.0985 0.592099
201 -949 -38.9692 0.719503
201 -899 -38.8158 0.882556
201 -849 -38.6327 1.09371
201 -799 -38.4137 1.37067
201 -749 -38.151 1.73905
201 -699 -37.8362 2.23654
201 -649 -37.4605 2.91957
201 -599 -37.0182 3.87426
201 -549 -36.5119 5.23456
201 -499 -35.9682 7.2126
201 -449 -35.4716 10.1495
201 -399 -35.2431 14.5984
201 -349 -35.821 21.4502
201 -299 -38.4698 32.0785
201 -249 -46.0505 48.3252
201 251 -45.5912 -47.5441
201 301 -38.296 -31.5586
201 351 -35.7702 -21.1145
201 401 -35.2419 -14.3817
201 451 -35.4885 -10.0076
201 501 -35.9899 -7.11789
201 551 -36.5332 -5.17004
201 601 -37.0371 -3.82938
201 651 -37.4768 -2.88773
201 701 -37.8499 -2.21354
201 751 -38.1625 -1.72214
201 801 -38.4232 -1.35804
201 851 -38.6407 -1.08414
201 901 -38.8224 -0.875208
201 951 -38.9749 -0.713791
251 -999 -39.1878 0.70064
251 -949 -39.0822 0.846724
251 -899 -38.96 1.03201
251 -849 -38.8189 1.26944
251 -799 -38.6569 1.57707
251 -749 -38.4726 1.98033
251 -699 -38.2671 2.51555
251 -649 -38.0458 3.23519
251 -599 -37.8241 4.21577
251 -549 -37.6368 5.56983
251 -499 -37.5569 7.46326
251 -449 -37.7329 10.1388
251 -399 -38.4594 13.942
251 -349 -40.3089 19.3322
251 -299 -44.3593 26.8174
251 -249 -52.5114 36.6545
251 -199 -67.6724 47.9934
251 201 -66.889 -47.5435
251 251 -52.073 -36.2202
251 301 -44.1345 -26.4725
251 351 -40.2021 -19.0796
251 401 -38.4138 -13.7628
251 451 -37.718 -10.0128
251 501 -37.5566 -7.37443
251 551 -37.6429 -5.50663
251 601 -37.8327 -4.17027
251 651 -38.0548 -3.202
251 701 -38.2756 -2.49102
251 751 -38.4804 -1.96195
251 801 -38.6638 -1.56312
251 851 -38.825 -1.25874
251 901 -38.9652 -1.02369
251 951 -39.0867 -0.840201
301 -999 -39.2865 0.787962
301 -949 -39.2057 0.946179
301 -899 -39.1158 1.14475
301 -849 -39.0173 1.39614
301 -799 -38.9118 1.71727
301 -749 -38.8032 2.13127
301 -699 -38.6997 2.67003
301 -649 -38.6168 3.37756
301 -599 -38.5833 4.31472
301 -549 -38.6507 5.565
301 -499 -38.9105 7.24084
301 -449 -39.5226 9.48751
301 -399 -40.7618 12.4766
301 -349 -43.0854 16.3698
301 -299 -47.2122 21.2124
301 -249 -54.1514 26.6938
301 -199 -65.0003 31.7262
301 -149 -80.1822 34.0017
301 -99 -97.9545 30.2261
301 -49 -113.21 18.1161
301 1 -119.204 -0.394689
301 51 -112.737 -18.7546
301 101 -97.2473 -30.5318
301 151 -79.5032 -34.0041
301 201 -64.4812 -31.5581
301 251 -53.8054 -26.4724
301 301 -47.0007 -21.0025
301 351 -42.9636 -16.1954
301 401 -40.6952 -12.3406
301 451 -39.4884 -9.38457
301 501 -38.8947 -7.16392
301 551 -38.6451 -5.50767
301 601 -38.5831 -4.27187
301 651 -38.6194 -3.34532
301 701 -38.7036 -2.64558
301 751 -38.8075 -2.11256
301 801 -38.9161 -1.70282
301 851 -39.0214 -1.38488
301 901 -39.1196 -1.13589
301 951 -39.2091 -0.939147
351 -999 -39.3902 0.853511
351 -949 -39.3338 1.01761
351 -899 -39.2753 1.22115
351 -849 -39.2171 1.47537
351 -799 -39.1636 1.79506
351 -749 -39.1226 2.19976
351 -699 -39.1065 2.71521
351 -649 -39.1367 3.3752
351 -599 -39.2474 4.22336
351 -549 -39.4944 5.31461
351 -499 -39.9668 6.71441
351 -449 -40.8047 8.49285
351 -399 -42.2221 10.7067
351 -349 -44.5291 13.3584
351 -299 -48.1359 16.3157
351 -249 -53.4918 19.1839
351 -199 -60.8847 21.1618
351 -149 -70.0357 21.0188
351 -99 -79.6095 17.4516
351 -49 -87.1336 9.96664
351 1 -89.9492 -0.213451
351 51 -86.908 -10.3323
351 101 -79.2468 -17.671
351 151 -69.6485 -21.0828
351 201 -60.5505 -21.1142
351 251 -53.2392 -19.0794
351 301 -47.9609 -16.1953
351 351 -44.4149 -13.2449
351 401 -42.1508 -10.6095
351 451 -40.7618 -8.41362
351 501 -39.942 -6.6516
351 551 -39.4809 -5.2655
351 601 -39.2408 -4.18517
351 651 -39.1342 -3.34551
351 701 -39.1065 -2.69207
351 751 -39.1238 -2.18164
351 801 -39.1656 -1.78079
351 851 -39.2194 -1.46406
351 901 -39.2777 -1.21212
351 951 -39.3361 -1.01035
401 -999 -39.4946 0.89791
401 -949 -39.4612 1.06232
401 -899 -39.4314 1.26368
401 -849 -39.4092 1.51153
401 -799 -39.4008 1.81801
401 -749 -39.4159 2.1985
401 -699 -39.4693 2.67229
401 -649 -39.5837 3.26305
401 -599 -39.7936 3.9989
401 -549 -40.1502 4.91115
401 -499 -40.7293 6.03054
401 -449 -41.6392 7.37837
401 -399 -43.0278 8.94914
401 -349 -45.0825 10.6801
401 -299 -48.0086 12.406
401 -249 -51.9655 13.8067
401 -199 -56.9403 14.3808
401 -149 -62.5704 13.5124
401 -99 -68.0121 10.6994
401 -49 -72.039 5.91651
401 1 -73.4979 -0.125301
401 51 -71.9211 -6.13917
401 101 -67.8128 -10.8518
401 151 -62.3416 -13.5822
401 201 -56.7248 -14.3814
401 251 -51.7867 -13.7626
401 301 -47.8725 -12.3405
401 351 -44.985 -10.6095
401 401 -42.9608 -8.88255
401 451 -41.5947 -7.32
401 501 -40.7007 -5.98146
401 551 -40.1323 -4.87088
401 601 -39.7828 -3.96629
401 651 -39.5776 -3.23684
401 701 -39.4662 -2.65127
401 751 -39.4147 -2.18163
401 801 -39.4008 -1.80444
401 851 -39.4099 -1.50058
401 901 -39.4325 -1.25481
401 951 -39.4625 -1.05509
451 -999 -39.5964 0.922714
451 -949 -39.5836 1.08284
451 -899 -39.5788 1.27632
451 -849 -39.587 1.51082
451 -799 -39.6153 1.79574
451 -749 -39.674 2.1424
451 -699 -39.7782 2.56408
451 -649 -39.9496 3.07581
451 -599 -40.2187 3.69333
451 -549 -40.6287 4.4309
451 -499 -41.238 5.29677
451 -449 -42.123 6.28529
451 -399 -43.3775 7.36409
451 -349 -45.1037 8.45597
451 -299 -47.3892 9.41795
451 -249 -50.262 10.0267
451 -199 -53.624 9.98958
451 -149 -57.1822 9.00631
451 -99 -60.4287 6.89246
451 -49 -62.7309 3.72639
451 1 -63.5463 -0.078312
451 51 -62.6645 -3.86908
451 101 -60.3127 -6.99882
451 151 -57.0419 -9.06679
451 201 -53.4831 -10.0074
451 251 -50.1365 -10.0127
451 301 -47.2864 -9.3845
451 351 -45.0244 -8.41359
451 401 -43.319 -7.31999
451 451 -42.0812 -6.24368
451 501 -41.2089 -5.25968
451 551 -40.6089 -4.39896
451 601 -40.2056 -3.66641
451 651 -39.9411 -3.05341
451 701 -39.7729 -2.54559
451 751 -39.6709 -2.12718
451 801 -39.6137 -1.78324
451 851 -39.5864 -1.50054
451 901 -39.5788 -1.26784
451 951 -39.5839 -1.07584
501 -999 -39.6927 0.930125
501 -949 -39.6975 1.08241
501 -899 -39.7136 1.26385
501 -849 -39.7462 1.48029
501 -799 -39.8025 1.73854
501 -749 -39.8928 2.04632
501 -699 -40.0308 2.41193
501 -649 -40.2355 2.84367
501 -599 -40.5326 3.34841
501 -549 -40.9552 3.92932
501 -499 -41.5457 4.58199
501 -449 -42.3541 5.28857
501 -399 -43.4353 6.00981
501 -349 -44.8388 6.67593
501 -299 -46.5913 7.17914
501 -249 -48.6698 7.37416
501 -199 -50.9698 7.09556
501 -149 -53.2824 6.19949
501 -99 -55.3035 4.62633
501 -49 -56.6926 2.46065
501 1 -57.1767 -0.0514263
501 51 -56.6531 -2.55604
501 101 -55.2326 -4.70175
501 151 -53.1933 -6.24834
501 201 -50.8758 -7.11779
501 251 -48.5814 -7.37435
501 301 -46.5146 -7.16386
501 351 -44.776 -6.65157
501 401 -43.3862 -5.98144
501 451 -42.3169 -5.25967
501 501 -41.5182 -4.55467
501 551 -40.9354 -3.90464
501 601 -40.5185 -3.32676
501 651 -40.2258 -2.82503
501 701 -40.0241 -2.39609
501 751 -39.8883 -2.03295
501 801 -39.7997 -1.72731
501 851 -39.7445 -1.47088
501 901 -39.7127 -1.25596
501 951 -39.6971 -1.0758
551 -999 -39.7816 0.922714
551 -949 -39.8009 1.06467
551 -899 -39.8334 1.23137
551 -849 -39.8845 1.42702
551 -799 -39.9609 1.65621
551 -749 -40.0718 1.92371
551 -699 -40.2293 2.23401
551 -649 -40.4491 2.59056
551 -599 -40.7512 2.99447
551 -549 -41.16 3.44253
551 -499 -41.7042 3.92434
551 -449 -42.4147 4.41855
551 -399 -43.3206 4.88856
551 -349 -44.4415 5.27864
551 -299 -45.7756 5.51289
551 -249 -47.2855 5.50013
551 -199 -48.8837 5.14841
551 -149 -50.4279 4.39032
551 -99 -51.7338 3.21421
551 -49 -52.6104 1.6888
551 1 -52.9121 -0.0351505
551 51 -52.5856 -1.75486
551 101 -51.6886 -3.2687
551 151 -50.3694 -4.42883
551 201 -48.8197 -5.16997
551 251 -47.2227 -5.50657
551 301 -45.7185 -5.50763
551 351 -44.3924 -5.26547
551 401 -43.2803 -4.87086
551 451 -42.3827 -4.39895
551 501 -41.6794 -3.90464
551 551 -41.1413 -3.42386
551 601 -40.7373 -2.97742
551 651 -40.4389 -2.57538
551 701 -40.2219 -2.22072
551 751 -40.0665 -1.91221
551 801 -39.9572 -1.64634
551 851 -39.882 -1.41858
551 901 -39.8318 -1.22418
551 951 -39.7999 -1.05854
601 -999 -39.8618 0.903183
601 -949 -39.8924 1.03326
601 -899 -39.9373 1.18378
601 -849 -40.0014 1.35756
601 -799 -40.0908 1.5574
601 -749 -40.2134 1.78582
601 -699 -40.3793 2.04457
601 -649 -40.6008 2.33394
601 -599 -40.8927 2.65163
601 -549 -41.2723 2.9913
601 -499 -41.7578 3.34069
601 -449 -42.367 3.6794
601 -399 -43.1134 3.9769
601 -349 -44.0007 4.19152
601 -299 -45.0159 4.27176
601 -249 -46.1216 4.16148
601 -199 -47.2509 3.81018
601 -149 -48.3083 3.18763
601 -99 -49.1798 2.29938
601 -49 -49.7542 1.19687
601 1 -49.9501 -0.0248337
601 51 -49.7381 -1.24401
601 101 -49.1499 -2.33952
601 151 -48.2688 -3.21781
601 201 -47.2064 -3.82934
601 251 -46.0763 -4.17023
601 301 -44.9732 -4.27183
601 351 -43.9626 -4.18515
601 401 -43.0809 -3.96628
601 451 -42.3401 -3.6664
601 501 -41.7361 -3.32675
601 551 -41.2552 -2.97742
601 601 -40.8795 -2.63844
601 651 -40.5907 -2.3218
601 701 -40.3717 -2.03363
601 751 -40.2078 -1.7761
601 801 -40.0867 -1.54887
601 851 -39.9984 -1.35012
601 901 -39.9352 -1.17733
601 951 -39.8909 -1.02768
651 -999 -39.9326 0.874167
651 -949 -39.9716 0.991615
651 -899 -40.0253 1.12553
651 -849 -40.0977 1.27761
651 -799 -40.1943 1.44929
651 -749 -40.3216 1.64148
651 -699 -40.4876 1.85412
651 -649 -40.7016 2.08558
651 -599 -40.9743 2.33185
651 -549 -41.3171 2.58554
651 -499 -41.7412 2.83471
651 -449 -42.2556 3.06178
651 -399 -42.8648 3.24282
651 -349 -43.5649 3.34781
651 -299 -44.34 3.34253
651 -249 -45.158 3.19283
651 -199 -45.9696 2.87133
651 -149 -46.7104 2.36575
651 -99 -47.3087 1.68667
651 -49 -47.6975 0.871527
651 1 -47.8291 -0.0180391
651 51 -47.6866 -0.906036
651 101 -47.2884 -1.71678
651 151 -46.683 -2.38946
651 201 -45.938 -2.8877
651 251 -45.125 -3.20197
651 301 -44.3079 -3.3453
651 351 -43.5353 -3.34549
651 401 -42.8386 -3.23682
651 451 -42.2332 -3.0534
651 501 -41.7225 -2.82503
651 551 -41.3019 -2.57538
651 601 -40.9621 -2.32179
651 651 -40.692 -2.076
651 701 -40.4801 -1.84524
651 751 -40.3158 -1.6334
651 801 -40.1899 -1.44203
651 851 -40.0944 -1.27116
651 901 -40.0228 -1.11984
651 951 -39.9698 -0.986613
701 -999 -39.9939 0.838106
701 -949 -40.0388 0.942823
701 -899 -40.0979 1.06047
701 -849 -40.1749 1.19188
701 -799 -40.2741 1.33753
701 -749 -40.4009 1.49724
701 -699 -40.5614 1.66983
701 -649 -40.7623 1.8527
701 -599 -41.0111 2.0412
701 -549 -41.315 2.22804
701 -499 -41.6801 2.40267
701 -449 -42.1103 2.55078
701 -399 -42.6053 2.65428
701 -349 -43.158 2.69202
701 -299 -43.7532 2.64157
701 -249 -44.365 2.48233
701 -199 -44.9578 2.19975
701 -149 -45.4878 1.79011
701 -99 -45.9089 1.26434
701 -49 -46.1794 0.649494
701 1 -46.2705 -0.0134174
701 51 -46.1719 -0.675319
701 101 -45.8947 -1.28731
701 151 -45.4684 -1.80885
701 201 -44.935 -2.21352
701 251 -44.3407 -2.491
701 301 -43.7289 -2.64556
701 351 -43.135 -2.69206
701 401 -42.5843 -2.65125
701 451 -42.0919 -2.54558
701 501 -41.6642 -2.39609
701 551 -41.3017 -2.22072
701 601 -41.0002 -2.03363
701 651 -40.7534 -1.84524
701 701 -40.5542 -1.66271
701 751 -40.3953 -1.49059
701 801 -40.2697 -1.33143
701 851 -40.1714 -1.18635
701 901 -40.0953 -1.0555
701 951 -40.0368 -0.938392
751 -999 -40.046 0.797162
751 -949 -40.0946 0.889513
751 -899 -40.1566 0.991745
751 -849 -40.235 1.10408
751 -799 -40.3335 1.22633
751 -749 -40.4562 1.35764
751 -699 -40.6075 1.49624
751 -649 -40.7923 1.63914
751 -599 -41.0155 1.78172
751 -549 -41.2814 1.9174
751 -499 -41.5929 2.03731
751 -449 -41.9508 2.13021
751 -399 -42.3524 2.18277
751 -349 -42.7901 2.18028
751 -299 -43.2503 2.10816
751 -249 -43.7132 1.95409
751 -199 -44.1528 1.71064
751 -149 -44.5392 1.37801
751 -99 -44.8422 0.965858
751 -49 -45.035 0.493818
751 1 -45.0996 -0.0101855
751 51 -45.0296 -0.513521
751 101 -44.832 -0.983655
751 151 -44.5252 -1.39294
751 201 -44.136 -1.72213
751 251 -43.6949 -1.96194
751 301 -43.2317 -2.11255
751 351 -42.772 -2.18163
751 401 -42.3356 -2.18163
751 451 -41.9356 -2.12718
751 501 -41.5795 -2.03294
751 551 -41.2699 -1.91221
751 601 -41.0058 -1.7761
751 651 -40.7842 -1.63339
751 701 -40.6008 -1.49059
751 751 -40.4507 -1.35223
751 801 -40.3292 -1.22126
751 851 -40.2315 -1.0994
751 901 -40.1538 -0.987462
751 951 -40.0924 -0.885632
801 -999 -40.0895 0.753177
801 -949 -40.1399 0.833856
801 -899 -40.2027 0.921862
801 -849 -40.2804 1.017
801 -799 -40.3757 1.11866
801 -749 -40.4918 1.22562
801 -699 -40.6319 1.33587
801 -649 -40.7995 1.44641
801 -599 -40.9973 1.55299
801 -549 -41.2279 1.64994
801 -499 -41.4922 1.73009
801 -449 -41.7892 1.78482
801 -399 -42.1153 1.80442
801 -349 -42.4633 1.77877
801 -299 -42.822 1.69844
801 -249 -43.1761 1.55617
801 -199 -43.5068 1.34846
801 -149 -43.7935 1.07712
801 -99 -44.0158 0.75022
801 -49 -44.1561 0.38208
801 1 -44.203 -0.00787067
801 51 -44.1523 -0.397366
801 101 -44.0083 -0.764202
801 151 -43.7832 -1.08912
801 201 -43.4943 -1.35803
801 251 -43.1623 -1.56311
801 301 -42.8076 -1.70281
801 351 -42.4491 -1.78078
801 401 -42.1018 -1.80443
801 451 -41.7767 -1.78324
801 501 -41.481 -1.72731
801 551 -41.218 -1.64633
801 601 -40.9888 -1.54887
801 651 -40.7922 -1.44203
801 701 -40.6258 -1.33143
801 751 -40.4867 -1.22126
801 801 -40.3715 -1.11448
801 851 -40.2769 -1.01307
801 901 -40.1999 -0.918202
801 951 -40.1377 -0.830488
851 -999 -40.125 0.707669
851 -949 -40.1758 0.777571
851 -899 -40.2379 0.852713
851 -849 -40.3131 0.932634
851 -799 -40.4036 1.01648
851 -749 -40.5118 1.10288
851 -699 -40.6399 1.18981
851 -649 -40.7901 1.27445
851 -599 -40.9641 1.35309
851 -549 -41.1629 1.42102
851 -499 -41.3864 1.47254
851 -449 -41.6328 1.50115
851 -399 -41.8982 1.49986
851 -349 -42.1764 1.46174
851 -299 -42.4582 1.38075
851 -249 -42.732 1.25267
851 -199 -42.9842 1.07615
851 -149 -43.2002 0.853547
851 -99 -43.3661 0.591378
851 -49 -43.4702 0.300212
851 1 -43.5048 -0.00617766
851 51 -43.4673 -0.31225
851 101 -43.3605 -0.602504
851 151 -43.1924 -0.863268
851 201 -42.9747 -1.08413
851 251 -42.7214 -1.25873
851 301 -42.447 -1.38487
851 351 -42.1651 -1.46405
851 401 -41.8873 -1.50057
851 451 -41.6225 -1.50054
851 501 -41.377 -1.47087
851 551 -41.1545 -1.41857
851 601 -40.9567 -1.35012
851 651 -40.7836 -1.27116
851 701 -40.6344 -1.18635
851 751 -40.5071 -1.0994
851 801 -40.3997 -1.01307
851 851 -40.3098 -0.929355
851 901 -40.2351 -0.849611
851 951 -40.1736 -0.774672
901 -999 -40.1533 0.661847
901 -949 -40.2035 0.721974
901 -899 -40.2636 0.785671
901 -849 -40.3353 0.852323
901 -799 -40.4201 0.92097
901 -749 -40.5197 0.99022
901 -699 -40.6357 1.05816
901 -649 -40.7692 1.12229
901 -599 -40.9213 1.17943
901 -549 -41.0922 1.22576
901 -499 -41.2809 1.25685
901 -449 -41.4855 1.26783
901 -399 -41.7023 1.25369
901 -349 -41.9259 1.20973
901 -299 -42.1491 1.1321
901 -249 -42.363 1.01844
901 -199 -42.5577 0.868531
901 -149 -42.7227 0.684758
901 -99 -42.8485 0.472335
901 -49 -42.9271 0.23913
901 1 -42.9531 -0.00491635
901 51 -42.9249 -0.248738
901 101 -42.8444 -0.481291
901 151 -42.7168 -0.692703
901 201 -42.5504 -0.875202
901 251 -42.3547 -1.02369
901 301 -42.1403 -1.13589
901 351 -41.9169 -1.21212
901 401 -41.6934 -1.2548
901 451 -41.477 -1.26784
901 501 -41.273 -1.25596
901 551 -41.085 -1.22417
901 601 -40.9149 -1.17733
901 651 -40.7635 -1.11984
901 701 -40.6307 -1.0555
901 751 -40.5154 -0.987461
901 801 -40.4165 -0.918201
901 851 -40.3322 -0.849611
901 901 -40.261 -0.783061
901 951 -40.2013 -0.719498
951 -999 -40.1754 0.616645
951 -949 -40.2241 0.668033
951 -899 -40.2815 0.721679
951 -849 -40.349 0.7769
951 -799 -40.4275 0.832716
951 -749 -40.5184 0.8878
951 -699 -40.6226 0.940423
951 -649 -40.7407 0.98841
951 -599 -40.8732 1.02913
951 -549 -41.0197 1.05952
951 -499 -41.1791 1.07615
951 -449 -41.3493 1.07543
951 -399 -41.5271 1.05378
951 -349 -41.7079 1.00802
951 -299 -41.886 0.935721
951 -249 -42.0548 0.83566
951 -199 -42.2068 0.708183
951 -149 -42.3346 0.555492
951 -99 -42.4314 0.381728
951 -49 -42.4915 0.192814
951 1 -42.5114 -0.00396114
951 51 -42.4898 -0.200574
951 101 -42.4282 -0.389014
951 151 -42.3301 -0.562038
951 201 -42.2012 -0.713787
951 251 -42.0483 -0.840196
951 301 -41.8791 -0.939142
951 351 -41.7007 -1.01034
951 401 -41.5199 -1.05509
951 451 -41.3423 -1.07584
951 501 -41.1725 -1.0758
951 551 -41.0136 -1.05854
951 601 -40.8676 -1.02768
951 651 -40.7357 -0.986611
951 701 -40.6181 -0.938391
951 751 -40.5145 -0.885631
951 801 -40.4242 -0.830487
951 851 -40.3461 -0.774672
951 901 -40.2791 -0.719498
951 951 -40.222 -0.66593
