-999 -999 0 0
-999 -949 0 0
-999 -899 0 0
-999 -849 0 0
-999 -799 0 0
-999 -749 0 0
-999 -699 0 0
-999 -649 0 0
-999 -599 0 0
-999 -549 0 0
-999 -499 0 0
-999 -449 0 0
-999 -399 0 0
-999 -349 0 0
-999 -299 0 0
-999 -249 0 0
-999 -199 0 0
-999 -149 0 0
-999 -99 0 0
-999 101 0 0
-999 151 0 0
-999 201 0 0
-999 251 0 0
-999 301 0 0
-999 351 0 0
-999 401 0 0
-999 451 0 0
-999 501 0 0
-999 551 0 0
-999 601 0 0
-999 651 0 0
-999 701 0 0
-999 751 0 0
-999 801 0 0
-999 851 0 0
-999 901 0 0
-999 951 0 0

-949 -999 0 0
-949 -949 0 0
-949 -899 0 0
-949 -849 0 0
-949 -799 0 0
-949 -749 0 0
-949 -699 0 0
-949 -649 0 0
-949 -599 0 0
-949 -549 0 0
-949 -499 0 0
-949 -449 0 0
-949 -399 0 0
-949 -349 0 0
-949 -299 -29.7801 -9.38276
-949 -249 -30.6278 -8.03615
-949 -199 -31.3575 -6.57548
-949 -149 -31.9487 -5.01618
-949 -99 -32.3839 -3.37829
-949 -49 -32.6493 -1.68579
-949 1 -32.7363 0.0344955
-949 51 -32.642 1.75421
-949 101 -32.3697 3.44503
-949 151 -31.928 5.08021
-949 201 -31.3308 6.63592
-949 251 -30.596 8.09229
-949 301 -29.744 9.43408
-949 351 0 0
-949 401 0 0
-949 451 0 0
-949 501 0 0
-949 551 0 0
-949 601 0 0
-949 651 0 0
-949 701 0 0
-949 751 0 0
-949 801 0 0
-949 851 0 0
-949 901 0 0
-949 951 0 0

-899 -999 0 0
-899 -949 0 0
-899 -899 0 0
-899 -849 0 0
-899 -799 0 0
-899 -749 0 0
-899 -699 0 0
-899 -649 0 0
-899 -599 0 0
-899 -549 0 0
-899 -499 0 0
-899 -449 0 0
-899 -399 -28.8701 -12.8133
-899 -349 -30.0311 -11.6583
-899 -299 -31.1151 -10.3486
-899 -249 -32.0949 -8.88944
-899 -199 -32.9429 -7.29212
-899 -149 -33.6331 -5.57434
-899 -99 -34.143 -3.7599
-899 -49 -34.4547 -1.87795
-899 1 -34.557 0.0384393
-899 51 -34.4462 1.95412
-899 101 -34.1263 3.83398
-899 151 -33.6088 5.64508
-899 201 -32.9118 7.35847
-899 251 -32.058 8.95056
-899 301 -31.0736 10.4039
-899 351 -29.986 11.7075
-899 401 -28.8224 12.8563
-899 451 0 0
-899 501 0 0
-899 551 0 0
-899 601 0 0
-899 651 0 0
-899 701 0 0
-899 751 0 0
-899 801 0 0
-899 851 0 0
-899 901 0 0
-899 951 0 0

-849 -999 0 0
-849 -949 0 0
-849 -899 0 0
-849 -849 0 0
-849 -799 0 0
-849 -749 0 0
-849 -699 0 0
-849 -649 0 0
-849 -599 0 0
-849 -549 0 0
-849 -499 -27.197 -15.985
-849 -449 -28.5945 -15.1224
-849 -399 -29.9723 -14.0859
-849 -349 -31.3026 -12.8676
-849 -299 -32.5544 -11.465
-849 -249 -33.6939 -9.88195
-849 -199 -34.6865 -8.13027
-849 -149 -35.4988 -6.23005
-849 -99 -36.1013 -4.20968
-849 -49 -36.4707 -2.1049
-849 1 -36.5921 0.0431002
-849 51 -36.4606 2.19021
-849 101 -36.0815 4.29238
-849 151 -35.4702 6.30858
-849 201 -34.65 8.20335
-849 251 -33.6509 9.94862
-849 301 -32.5063 11.5246
-849 351 -31.2507 12.9199
-849 401 -29.9179 14.1308
-849 451 -28.5389 15.1602
-849 501 -27.141 16.0161
-849 551 0 0
-849 601 0 0
-849 651 0 0
-849 701 0 0
-849 751 0 0
-849 801 0 0
-849 851 0 0
-849 901 0 0
-849 951 0 0

-799 -999 0 0
-799 -949 0 0
-799 -899 0 0
-799 -849 0 0
-799 -799 0 0
-799 -749 0 0
-799 -699 0 0
-799 -649 0 0
-799 -599 -24.892 -18.6612
-799 -549 -26.4123 -18.1481
-799 -499 -27.9719 -17.4693
-799 -449 -29.5503 -16.6059
-799 -399 -31.1212 -15.5411
-799 -349 -32.6523 -14.2624
-799 -299 -34.1059 -12.763
-799 -249 -35.4401 -11.0445
-799 -199 -36.611 -9.11837
-799 -149 -37.5753 -7.00715
-799 -99 -38.2941 -4.74482
-799 -49 -38.7364 -2.37557
-799 1 -38.882 0.0486632
-799 51 -38.7243 2.47176
-799 101 -38.2705 4.83769
-799 151 -37.5412 7.09476
-799 201 -36.5679 9.19916
-799 251 -35.3896 11.1174
-799 301 -34.0498 12.8272
-799 351 -32.5923 14.3177
-799 401 -31.0589 15.5877
-799 451 -29.4871 16.6442
-799 501 -27.909 17.4999
-799 551 -26.3506 18.1717
-799 651 0 0
-799 701 0 0
-799 751 0 0
-799 801 0 0
-799 851 0 0
-799 901 0 0
-799 951 0 0

-749 -999 0 0
-749 -949 0 0
-749 -899 0 0
-749 -849 0 0
-749 -799 0 0
-749 -749 0 0
-749 -699 0 0
-749 -649 -23.6906 -20.5277
-749 -599 -25.2978 -20.2315
-749 -549 -26.9816 -19.7769
-749 -499 -28.7271 -19.1386
-749 -449 -30.5126 -18.2913
-749 -399 -32.309 -17.2113
-749 -349 -34.0787 -15.8791
-749 -299 -35.7763 -14.2819
-749 -249 -37.3498 -12.4167
-749 -199 -38.7428 -10.2935
-749 -149 -39.8987 -7.93711
-749 -99 -40.7655 -5.38821
-749 -49 -41.3009 -2.70192
-749 1 -41.4776 0.0553771
-749 51 -41.2862 2.81121
-749 101 -40.7369 5.49322
-749 151 -39.8577 8.03538
-749 201 -38.6913 10.3831
-749 251 -37.2899 12.4963
-749 301 -35.7104 14.3509
-749 351 -34.009 15.9374
-749 401 -32.2374 17.2592
-749 451 -30.4408 18.3295
-749 501 -28.6563 19.168
-749 551 -26.9129 19.7984
-749 601 -25.232 20.2462
-749 651 -23.6281 20.5366
-749 701 0 0
-749 751 0 0
-749 801 0 0
-749 851 0 0
-749 901 0 0
-749 951 0 0

-699 -999 0 0
-699 -949 0 0
-699 -899 0 0
-699 -849 0 0
-699 -799 0 0
-699 -749 0 0
-699 -699 -22.2223 -22.2223
-699 -649 -23.8685 -22.1612
-699 -599 -25.6261 -21.96
-699 -549 -27.4881 -21.5894
-699 -499 -29.4409 -21.0172
-699 -449 -31.4628 -20.21
-699 -399 -33.5221 -19.1349
-699 -349 -35.576 -17.7625
-699 -299 -37.5702 -16.0708
-699 -249 -39.4399 -14.0494
-699 -199 -41.1124 -11.7044
-699 -149 -42.5129 -9.0621
-699 -99 -43.5706 -6.17093
-699 -49 -44.2273 -3.10033
-699 1 -44.4445 0.0635828
-699 51 -44.2092 3.22556
-699 101 -43.5356 6.29054
-699 151 -42.463 9.17296
-699 201 -41.0503 11.8041
-699 251 -39.3684 14.1365
-699 301 -37.4924 16.1448
-699 351 -35.4946 17.8234
-699 401 -33.4395 19.1834
-699 451 -31.3809 20.2472
-699 501 -29.3613 21.0443
-699 551 -27.4118 21.6078
-699 601 -25.5538 21.9711
-699 651 -23.8005 22.1662
-699 701 -22.1588 22.2222
-699 751 0 0
-699 801 0 0
-699 851 0 0
-699 901 0 0
-699 951 0 0

-649 -999 0 0
-649 -949 0 0
-649 -899 0 0
-649 -849 0 0
-649 -799 0 0
-649 -749 -20.5277 -23.6906
-649 -699 -22.1612 -23.8685
-649 -649 -23.9343 -23.9343
-649 -599 -25.8491 -23.8576
-649 -549 -27.9024 -23.6031
-649 -499 -30.0839 -23.1308
-649 -449 -32.3736 -22.3971
-649 -399 -34.7385 -21.357
-649 -349 -37.1312 -19.9673
-649 -299 -39.4874 -18.1921
-649 -249 -41.7265 -16.0091
-649 -199 -43.7549 -13.4163
-649 -149 -45.4719 -10.4396
-649 -99 -46.7801 -7.13593
-649 -49 -47.5974 -3.59363
-649 1 -47.8686 0.0737572
-649 51 -47.5749 3.73854
-649 101 -46.7368 7.27334
-649 151 -45.4105 10.5654
-649 201 -43.679 13.5277
-649 251 -41.6403 16.1043
-649 301 -39.3948 18.2709
-649 351 -37.0357 20.0301
-649 401 -34.643 21.405
-649 451 -32.2803 22.432
-649 501 -29.9944 23.1544
-649 551 -27.8177 23.6172
-649 601 -25.7698 23.8638
-649 651 -23.8607 23.9342
-649 701 -22.0932 23.8634
-649 751 -20.4652 23.6816
-649 801 0 0
-649 851 0 0
-649 901 0 0
-649 951 0 0

-599 -999 0 0
-599 -949 0 0
-599 -899 0 0
-599 -849 0 0
-599 -799 -18.6612 -24.892
-599 -749 -20.2315 -25.2978
-599 -699 -21.96 -25.6261
-599 -649 -23.8576 -25.8491
-599 -599 -25.9322 -25.9322
-599 -549 -28.1868 -25.834
-599 -499 -30.6168 -25.5055
-599 -449 -33.2065 -24.891
-599 -399 -35.9245 -23.9297
-599 -349 -38.7201 -22.5598
-599 -299 -41.5192 -20.7249
-599 -249 -44.2227 -18.383
-599 -199 -46.7091 -15.5177
-599 -149 -48.8422 -12.1494
-599 -99 -50.4853 -8.34396
-599 -49 -51.5196 -4.21445
-599 1 -51.8643 0.0865844
-599 51 -51.4911 4.38404
-599 101 -50.4306 8.5033
-599 151 -48.7655 12.2931
-599 201 -46.6155 15.6422
-599 251 -44.1178 18.4867
-599 301 -41.4083 20.8078
-599 351 -38.6077 22.6232
-599 401 -35.8139 23.9756
-599 451 -33.1002 24.9218
-599 501 -30.5164 25.5237
-599 551 -28.0932 25.842
-599 601 -25.8457 25.932
-599 651 -23.7783 25.8426
-599 701 -21.8877 25.6148
-599 751 -20.1657 25.2829
-599 851 0 0
-599 901 0 0
-599 951 0 0

-549 -999 0 0
-549 -949 0 0
-549 -899 0 0
-549 -849 0 0
-549 -799 -18.1481 -26.4123
-549 -749 -19.7769 -26.9816
-549 -699 -21.5894 -27.4881
-549 -649 -23.6031 -27.9024
-549 -599 -25.834 -28.1868
-549 -549 -28.2939 -28.2939
-549 -499 -30.9876 -28.1654
-549 -449 -33.9077 -27.7314
-549 -399 -37.029 -26.9118
-549 -349 -40.3014 -25.6196
-549 -299 -43.6427 -23.7689
-549 -249 -46.9333 -21.2866
-549 -199 -50.0163 -18.1297
-549 -149 -52.7057 -14.3044
-549 -99 -54.8058 -9.88296
-549 -49 -56.1407 -5.01072
-549 1 -56.5878 0.103074
-549 51 -56.1038 5.2118
-549 101 -54.7354 10.0697
-549 151 -52.6081 14.4696
-549 201 -49.8992 18.2691
-549 251 -46.8045 21.3987
-549 301 -43.5091 23.8547
-549 351 -40.1685 25.6815
-549 401 -36.9008 26.953
-549 451 -33.7868 27.7556
-549 501 -30.8754 28.1759
-549 551 -28.191 28.2937
-549 601 -25.7404 28.1785
-549 651 -23.5185 27.888
-549 701 -21.5131 27.4694
-549 751 -19.7083 26.9599
-549 801 -18.0865 26.3886
-549 851 0 0
-549 901 0 0
-549 951 0 0

-499 -999 0 0
-499 -949 0 0
-499 -899 0 0
-499 -849 -15.985 -27.197
-499 -799 -17.4693 -27.9719
-499 -749 -19.1386 -28.7271
-499 -699 -21.0172 -29.4409
-499 -649 -23.1308 -30.0839
-499 -599 -25.5055 -30.6168
-499 -549 -28.1654 -30.9876
-499 -499 -31.129 -31.129
-499 -449 -34.4035 -30.9563
-499 -399 -37.977 -30.3664
-499 -349 -41.8075 -29.2401
-499 -299 -45.8103 -27.4494
-499 -249 -49.8463 -24.8732
-499 -199 -53.7152 -21.4214
-499 -149 -57.1615 -17.0682
-499 -99 -59.9003 -11.884
-499 -49 -61.6635 -6.0551
-499 1 -62.2578 0.124765
-499 51 -61.6145 6.29724
-499 101 -59.8079 12.1053
-499 151 -57.0353 17.2591
-499 201 -53.5667 21.5769
-499 251 -49.6866 24.9926
-499 301 -45.6485 27.5354
-499 351 -41.6502 29.297
-499 401 -37.8288 30.3994
-499 451 -34.2666 30.9704
-499 501 -31.0045 31.1287
-499 551 -28.0533 30.9767
-499 601 -25.4052 30.5982
-499 651 -23.0414 30.06
-499 701 -20.9377 29.4135
-499 751 -19.068 28.6975
-499 801 -17.4065 27.9412
-499 851 -15.9292 27.1658
-499 901 0 0
-499 951 0 0

-449 -999 0 0
-449 -949 0 0
-449 -899 0 0
-449 -849 -15.1224 -28.5945
-449 -799 -16.6059 -29.5503
-449 -749 -18.2913 -30.5126
-449 -699 -20.21 -31.4628
-449 -649 -22.3971 -32.3736
-449 -599 -24.891 -33.2065
-449 -549 -27.7314 -33.9077
-449 -499 -30.9563 -34.4035
-449 -449 -34.5955 -34.5955
-449 -399 -38.661 -34.3557
-449 -349 -43.132 -33.5257
-449 -299 -47.9343 -31.9205
-449 -249 -52.9168 -29.3458
-449 -199 -57.8311 -25.6311
-449 -149 -62.3273 -20.6831
-449 -99 -65.9832 -14.5486
-449 -49 -68.3767 -7.462
-449 1 -69.1907 0.154099
-449 51 -68.3098 7.75897
-449 101 -65.8586 14.8144
-449 151 -62.1607 20.9047
-449 201 -57.6399 25.8031
-449 251 -52.7168 29.4697
-449 301 -47.7374 32.0021
-449 351 -42.946 33.5725
-449 401 -38.4903 34.3755
-449 451 -34.4417 34.5951
-449 501 -30.8195 34.3888
-449 551 -27.6107 33.883
-449 601 -24.7848 33.1753
-449 651 -22.304 32.3383
-449 701 -20.1283 31.4253
-449 751 -18.2196 30.4742
-449 801 -16.5428 29.5119
-449 851 -15.0669 28.5566
-449 901 0 0
-449 951 0 0

-399 -999 0 0
-399 -949 0 0
-399 -899 -12.8133 -28.8701
-399 -849 -14.0859 -29.9723
-399 -799 -15.5411 -31.1212
-399 -749 -17.2113 -32.309
-399 -699 -19.1349 -33.5221
-399 -649 -21.357 -34.7385
-399 -599 -23.9297 -35.9245
-399 -549 -26.9118 -37.029
-399 -499 -30.3664 -37.977
-399 -449 -34.3557 -38.661
-399 -399 -38.9307 -38.9307
-399 -349 -44.1122 -38.5843
-399 -299 -49.8613 -37.3647
-399 -249 -56.0376 -34.9707
-399 -199 -62.3517 -31.0976
-399 -149 -68.3325 -25.5175
-399 -99 -73.3462 -18.1985
-399 -49 -76.7048 -9.41982
-399 1 -77.8612 0.195139
-399 51 -76.61 9.79218
-399 101 -73.173 18.5224
-399 151 -68.1072 25.7748
-399 201 -62.1018 31.2842
-399 251 -55.7854 35.093
-399 301 -49.6218 37.4339
-399 351 -43.8935 38.6131
-399 401 -38.7361 38.9302
-399 451 -34.1852 38.6404
-399 501 -30.2183 37.9433
-399 551 -26.7838 36.9872
-399 601 -23.8193 35.8782
-399 651 -21.2617 34.6902
-399 701 -19.0525 33.4733
-399 751 -17.1399 32.2609
-399 801 -15.479 31.0744
-399 851 -14.0317 29.9273
-399 901 -12.7658 28.8271
-399 951 0 0

-349 -999 0 0
-349 -949 0 0
-349 -899 -11.6583 -30.0311
-349 -849 -12.8676 -31.3026
-349 -799 -14.2624 -32.6523
-349 -749 -15.8791 -34.0787
-349 -699 -17.7625 -35.576
-349 -649 -19.9673 -37.1312
-349 -599 -22.5598 -38.7201
-349 -549 -25.6196 -40.3014
-349 -499 -29.2401 -41.8075
-349 -449 -33.5257 -43.132
-349 -399 -38.5843 -44.1122
-349 -349 -44.5082 -44.5082
-349 -299 -51.3361 -43.9813
-349 -249 -58.989 -42.0866
-349 -199 -67.1757 -38.3035
-349 -149 -75.2927 -32.1448
-349 -99 -82.3872 -23.3704
-349 -49 -87.2959 -12.2563
-349 1 -89.016 0.255057
-349 51 -87.1555 12.7361
-349 101 -82.1375 23.7702
-349 151 -74.9803 32.4411
-349 201 -66.8444 38.4976
-349 251 -58.6698 42.1951
-349 301 -51.046 44.0253
-349 351 -44.2538 44.5074
-349 401 -38.3659 44.0823
-349 451 -33.3401 43.0843
-349 501 -29.0832 41.7499
-349 551 -25.4871 40.2391
-349 601 -22.4477 38.6564
-349 651 -19.8721 37.0681
-349 701 -17.6814 35.5149
-349 751 -15.8096 34.0202
-349 801 -14.2026 32.5968
-349 851 -12.8159 31.2503
-349 901 -11.6134 29.9819
-349 951 0 0

-299 -999 0 0
-299 -949 -9.38276 -29.7801
-299 -899 -10.3486 -31.1151
-299 -849 -11.465 -32.5544
-299 -799 -12.763 -34.1059
-299 -749 -14.2819 -35.7763
-299 -699 -16.0708 -37.5702
-299 -649 -18.1921 -39.4874
-299 -599 -20.7249 -41.5192
-299 -549 -23.7689 -43.6427
-299 -499 -27.4494 -45.8103
-299 -449 -31.9205 -47.9343
-299 -399 -37.3647 -49.8613
-299 -349 -43.9813 -51.3361
-299 -299 -51.951 -51.951
-299 -249 -61.3529 -51.0931
-299 -199 -72.0063 -47.9237
-299 -149 -83.2329 -41.477
-299 -99 -93.637 -31.0032
-299 -49 -101.185 -16.5819
-299 1 -103.901 0.347491
-299 51 -100.965 17.2212
-299 101 -93.2609 31.5025
-299 151 -82.7879 41.809
-299 201 -71.5625 48.107
-299 251 -60.9503 51.1655
-299 301 -51.6046 51.9498
-299 351 -43.6917 51.2903
-299 401 -37.1258 49.7908
-299 451 -31.7243 47.8518
-299 501 -27.2881 45.7237
-299 551 -23.6359 43.5565
-299 601 -20.6145 41.4359
-299 651 -18.1 39.4084
-299 701 -15.9933 37.4961
-299 751 -14.2163 35.7072
-299 801 -12.7071 34.0416
-299 851 -11.4171 32.4948
-299 901 -10.3073 31.0598
-299 951 -9.34688 29.7287

-249 -999 0 0
-249 -949 -8.03615 -30.6278
-249 -899 -8.88944 -32.0949
-249 -849 -9.88195 -33.6939
-249 -799 -11.0445 -35.4401
-249 -749 -12.4167 -37.3498
-249 -699 -14.0494 -39.4399
-249 -649 -16.0091 -41.7265
-249 -599 -18.383 -44.2227
-249 -549 -21.2866 -46.9333
-249 -499 -24.8732 -49.8463
-249 -449 -29.3458 -52.9168
-249 -399 -34.9707 -56.0376
-249 -349 -42.0866 -58.989
-249 -299 -51.0931 -61.3529
-249 -249 -62.3829 -62.3829
-249 -199 -76.1364 -60.8478
-249 -149 -91.8698 -54.9739
-249 -99 -107.736 -42.8341
-249 -49 -120.115 -23.6367
-249 1 -124.765 0.501052
-249 51 -119.743 24.5253
-249 101 -107.139 43.4573
-249 151 -91.2198 55.3176
-249 201 -75.5415 60.9792
-249 251 -61.8838 62.3809
-249 301 -50.6913 61.2776
-249 351 -41.7684 58.8785
-249 401 -34.7196 55.9141
-249 451 -29.1467 52.792
-249 501 -24.7142 49.7263
-249 551 -21.1585 46.8208
-249 601 -18.2788 44.1187
-249 651 -15.9234 41.6311
-249 701 -13.9783 39.3526
-249 751 -12.3572 37.2701
-249 801 -10.9943 35.3673
-249 851 -9.83922 33.6272
-249 901 -8.85282 32.0337
-249 951 -8.00455 30.5716

-199 -999 0 0
-199 -949 -6.57548 -31.3575
-199 -899 -7.29212 -32.9429
-199 -849 -8.13027 -34.6865
-199 -799 -9.11837 -36.611
-199 -749 -10.2935 -38.7428
-199 -699 -11.7044 -41.1124
-199 -649 -13.4163 -43.7549
-199 -599 -15.5177 -46.7091
-199 -549 -18.1297 -50.0163
-199 -499 -21.4214 -53.7152
-199 -449 -25.6311 -57.8311
-199 -399 -31.0976 -62.3517
-199 -349 -38.3035 -67.1757
-199 -299 -47.9237 -72.0063
-199 -249 -60.8478 -76.1364
-199 -199 -78.0568 -78.0568
-199 -149 -100.033 -74.899
-199 -99 -125.143 -62.2558
-199 -49 -147.191 -36.242
-199 1 -0.194165 0
-199 51 -146.494 37.5425
-199 101 -124.137 63.0034
-199 151 -99.0716 75.1745
-199 201 -77.2763 78.0529
-199 251 -60.2547 75.9999
-199 301 -47.482 71.8198
-199 351 -37.9741 66.9797
-199 401 -30.8493 62.1639
-199 451 -25.4412 57.6584
-199 501 -21.274 53.5593
-199 551 -18.0135 49.8767
-199 601 -15.4247 46.5844
-199 651 -13.3411 43.6434
-199 701 -11.6427 41.0126
-199 751 -10.2423 38.6532
-199 801 -9.07554 36.5302
-199 851 -8.09408 34.6134
-199 901 -7.26129 32.8765
-199 951 -6.54901 31.2971

-149 -999 0 0
-149 -949 -5.01618 -31.9487
-149 -899 -5.57434 -33.6331
-149 -849 -6.23005 -35.4988
-149 -799 -7.00715 -37.5753
-149 -749 -7.93711 -39.8987
-149 -699 -9.0621 -42.5129
-149 -649 -10.4396 -45.4719
-149 -599 -12.1494 -48.8422
-149 -549 -14.3044 -52.7057
-149 -499 -17.0682 -57.1615
-149 -449 -20.6831 -62.3273
-149 -399 -25.5175 -68.3325
-149 -349 -32.1448 -75.2927
-149 -299 -41.477 -83.2329
-149 -249 -54.9739 -91.8698
-149 -199 -74.899 -100.033
-149 -149 -104.25 -104.25
-149 -99 0 0
-149 -49 0 0
-149 1 0 0
-149 51 0 0
-149 101 0 0
-149 151 -102.86 104.241
-149 201 -73.9418 99.7476
-149 251 -54.3287 91.5208
-149 301 -41.0358 82.8983
-149 351 -31.8353 74.9951
-149 401 -25.2944 68.0745
-149 451 -20.5181 62.1055
-149 501 -16.9433 56.9705
-149 551 -14.2078 52.5405
-149 601 -12.0733 48.6986
-149 651 -10.3787 45.3461
-149 701 -9.01269 42.4021
-149 751 -7.89649 39.8005
-149 801 -6.97337 37.4878
-149 851 -6.20167 35.4203
-149 901 -5.55027 33.5624
-149 951 -4.99561 31.8848

-99 -999 0 0
-99 -949 -3.37829 -32.3839
-99 -899 -3.7599 -34.143
-99 -849 -4.20968 -36.1013
-99 -799 -4.74482 -38.2941
-99 -749 -5.38821 -40.7655
-99 -699 -6.17093 -43.5706
-99 -649 -7.13593 -46.7801
-99 -599 -8.34396 -50.4853
-99 -549 -9.88296 -54.8058
-99 -499 -11.884 -59.9003
-99 -449 -14.5486 -65.9832
-99 -399 -18.1985 -73.3462
-99 -349 -23.3704 -82.3872
-99 -299 -31.0032 -93.637
-99 -249 -42.8341 -107.736
-99 -199 -62.2558 -125.143
-99 -149 0 0
-99 -99 0 0
-99 -49 0 0
-99 1 0 0
-99 51 0 0
-99 101 0 0
-99 151 0 0
-99 201 -61.2637 124.386
-99 251 -42.2457 107.109
-99 301 -30.6327 93.1367
-99 351 -23.1244 81.9871
-99 401 -18.0279 73.0225
-99 451 -14.4257 65.7176
-99 501 -11.7928 59.6792
-99 551 -9.81359 54.6193
-99 601 -8.28998 50.3262
-99 651 -7.09314 46.6429
-99 701 -6.13645 43.4511
-99 751 -5.36004 40.6606
-99 801 -4.72151 38.2014
-99 851 -4.19018 36.0187
-99 901 -3.74342 34.069
-99 951 -3.36425 32.3172

-49 -949 -1.68579 -32.6493
-49 -899 -1.87795 -34.4547
-49 -849 -2.1049 -36.4707
-49 -799 -2.37557 -38.7364
-49 -749 -2.70192 -41.3009
-49 -699 -3.10033 -44.2273
-49 -649 -3.59363 -47.5974
-49 -599 -4.21445 -51.5196
-49 -549 -5.01072 -56.1407
-49 -499 -6.0551 -61.6635
-49 -449 -7.462 -68.3767
-49 -399 -9.41982 -76.7048
-49 -349 -12.2563 -87.2959
-49 -299 -16.5819 -101.185
-49 -249 -23.6367 -120.115
-49 -199 -36.242 -147.191
-49 -149 0 0
-49 -99 0 0
-49 -49 0 0
-49 1 0 0
-49 51 0 0
-49 101 0 0
-49 151 0 0
-49 201 -35.5646 145.892
-49 251 -23.2753 119.229
-49 301 -16.368 100.548
-49 351 -12.1197 86.8175
-49 401 -9.32747 76.3336
-49 451 -7.39674 68.0806
-49 501 -6.00731 61.422
-49 551 -4.97469 55.9401
-49 601 -4.18663 51.3505
-49 651 -3.5717 47.4528
-49 701 -3.08275 44.1023
-49 751 -2.68761 41.1918
-49 801 -2.36376 38.6404
-49 851 -2.09505 36.3856
-49 901 -1.86965 34.3786
-49 951 -1.67872 32.581

1 -949 0.0344955 -32.7363
1 -899 0.0384393 -34.557
1 -849 0.0431002 -36.5921
1 -799 0.0486632 -38.882
1 -749 0.0553771 -41.4776
1 -699 0.0635828 -44.4445
1 -649 0.0737572 -47.8686
1 -599 0.0865844 -51.8643
1 -549 0.103074 -56.5878
1 -499 0.124765 -62.2578
1 -449 0.154099 -69.1907
1 -399 0.195139 -77.8612
1 -349 0.255057 -89.016
1 -299 0.347491 -103.901
1 -249 0.501052 -124.765
1 -199 0 -0.194165
1 -149 0 0
1 -99 0 0
1 -49 0 0
1 1 0 0
1 51 0 0
1 101 0 0
1 151 0 0
1 201 0.768922 154.558
1 251 0.493099 123.771
1 301 0.342889 103.211
1 351 0.252159 88.5088
1 401 0.193198 77.4729
1 451 0.152735 68.8839
1 501 0.12377 62.0093
1 551 0.102327 56.3824
1 601 0.0860091 51.6917
1 651 0.0733047 47.7215
1 701 0.0632205 44.3177
1 751 0.0550826 41.3671
1 801 0.0484205 38.7849
1 851 0.0428978 36.5061
1 901 0.0382688 34.4803
1 951 0.0343506 32.6674

51 -949 1.75421 -32.642
51 -899 1.95412 -34.4462
51 -849 2.19021 -36.4606
51 -799 2.47176 -38.7243
51 -749 2.81121 -41.2862
51 -699 3.22556 -44.2092
51 -649 3.73854 -47.5749
51 -599 4.38404 -51.4911
51 -549 5.2118 -56.1038
51 -499 6.29724 -61.6145
51 -449 7.75897 -68.3098
51 -399 9.79218 -76.61
51 -349 12.7361 -87.1555
51 -299 17.2212 -100.965
51 -249 24.5253 -119.743
51 -199 37.5425 -146.494
51 -149 0 0
51 -99 0 0
51 -49 0 0
51 1 0 0
51 51 0 0
51 101 0 0
51 151 0 0
51 201 36.8441 145.213
51 251 24.1514 118.865
51 301 16.9995 100.332
51 351 12.5943 86.6795
51 401 9.6963 76.2401
51 451 7.69117 68.0145
51 501 6.24758 61.3736
51 551 5.17436 55.9036
51 601 4.35512 51.3222
51 651 3.71574 47.4305
51 701 3.20728 44.0844
51 751 2.79632 41.1773
51 801 2.45948 38.6284
51 851 2.17996 36.3755
51 901 1.94548 34.3702
51 951 1.74686 32.5738

101 -999 0 0
101 -949 3.44503 -32.3697
101 -899 3.83398 -34.1263
101 -849 4.29238 -36.0815
101 -799 4.83769 -38.2705
101 -749 5.49322 -40.7369
101 -699 6.29054 -43.5356
101 -649 7.27334 -46.7368
101 -599 8.5033 -50.4306
101 -549 10.0697 -54.7354
101 -499 12.1053 -59.8079
101 -449 14.8144 -65.8586
101 -399 18.5224 -73.173
101 -349 23.7702 -82.1375
101 -299 31.5025 -93.2609
101 -249 43.4573 -107.139
101 -199 63.0034 -124.137
101 -149 0 0
101 -99 0 0
101 -49 0 0
101 1 0 0
101 51 0 0
101 101 0 0
101 151 0 0
101 201 62.0074 123.403
101 251 42.8637 106.524
101 301 31.1275 92.7671
101 351 23.5208 81.7413
101 401 18.3491 72.8517
101 451 14.6896 65.5945
101 501 12.0127 59.5878
101 551 9.99908 54.5497
101 601 8.44835 50.272
101 651 7.22977 46.5999
101 701 6.25543 43.4165
101 751 5.46452 40.6323
101 801 4.81394 38.178
101 851 4.27251 35.9991
101 901 3.81719 34.0524
101 951 3.43071 32.3031

151 -999 0 0
151 -949 5.08021 -31.928
151 -899 5.64508 -33.6088
151 -849 6.30858 -35.4702
151 -799 7.09476 -37.5412
151 -749 8.03538 -39.8577
151 -699 9.17296 -42.463
151 -649 10.5654 -45.4105
151 -599 12.2931 -48.7655
151 -549 14.4696 -52.6081
151 -499 17.2591 -57.0353
151 -449 20.9047 -62.1607
151 -399 25.7748 -68.1072
151 -349 32.4411 -74.9803
151 -299 41.809 -82.7879
151 -249 55.3176 -91.2198
151 -199 75.1745 -99.0716
151 -149 104.241 -102.86
151 -99 0 0
151 -49 0 0
151 1 0 0
151 51 0 0
151 101 0 0
151 151 102.869 102.869
151 201 74.223 98.8007
151 251 54.6729 90.8808
151 301 41.3665 82.4597
151 351 32.1301 74.6869
151 401 25.5501 67.8521
151 451 20.7384 61.9407
151 501 17.1331 56.8457
151 551 14.372 52.4439
151 601 12.2163 48.6225
151 651 10.5039 45.2852
151 701 9.12301 42.3526
151 751 7.9943 39.7598
151 801 7.06059 37.4539
151 851 6.27987 35.3919
151 901 5.62073 33.5383
151 951 5.05939 31.8641

201 -999 0 0
201 -949 6.63592 -31.3308
201 -899 7.35847 -32.9118
201 -849 8.20335 -34.65
201 -799 9.19916 -36.5679
201 -749 10.3831 -38.6913
201 -699 11.8041 -41.0503
201 -649 13.5277 -43.679
201 -599 15.6422 -46.6155
201 -549 18.2691 -49.8992
201 -499 21.5769 -53.5667
201 -449 25.8031 -57.6399
201 -399 31.2842 -62.1018
201 -349 38.4976 -66.8444
201 -299 48.107 -71.5625
201 -249 60.9792 -75.5415
201 -199 78.0529 -77.2763
201 -149 99.7476 -73.9418
201 -99 124.386 -61.2637
201 -49 145.892 -35.5646
201 1 154.558 0.768922
201 51 145.213 36.8441
201 101 123.403 62.0074
201 151 98.8007 74.223
201 201 77.2801 77.2801
201 251 60.3894 75.4119
201 301 47.6664 71.3812
201 351 38.1682 66.6522
201 401 31.0354 61.9167
201 451 25.6126 57.4692
201 501 21.4288 53.4123
201 551 18.1522 49.7607
201 601 15.5487 46.4916
201 651 13.4519 43.5682
201 701 11.742 40.951
201 751 10.3315 38.602
201 801 9.156 36.4874
201 851 8.16687 34.5772
201 901 7.32738 32.8457
201 951 6.60923 31.2706

251 -999 0 0
251 -949 8.09229 -30.596
251 -899 8.95056 -32.058
251 -849 9.94862 -33.6509
251 -799 11.1174 -35.3896
251 -749 12.4963 -37.2899
251 -699 14.1365 -39.3684
251 -649 16.1043 -41.6403
251 -599 18.4867 -44.1178
251 -549 21.3987 -46.8045
251 -499 24.9926 -49.6866
251 -449 29.4697 -52.7168
251 -399 35.093 -55.7854
251 -349 42.1951 -58.6698
251 -299 51.1655 -60.9503
251 -249 62.3809 -61.8838
251 -199 75.9999 -60.2547
251 -149 91.5208 -54.3287
251 -99 107.109 -42.2457
251 -49 119.229 -23.2753
251 1 123.771 0.493099
251 51 118.865 24.1514
251 101 106.524 42.8637
251 151 90.8808 54.6729
251 201 75.4119 60.3894
251 251 61.8858 61.8858
251 301 50.7658 60.8786
251 351 41.8778 58.5623
251 401 34.8421 55.6642
251 451 29.2706 52.5938
251 501 24.8334 49.568
251 551 21.2703 46.6931
251 601 18.3821 44.0147
251 651 16.0183 41.5456
251 701 14.0651 39.2816
251 751 12.4366 37.2106
251 801 11.0669 35.3171
251 851 9.90565 33.5845
251 901 8.91373 31.9971
251 951 8.0605 30.54

301 -999 0 0
301 -949 9.43408 -29.744
301 -899 10.4039 -31.0736
301 -849 11.5246 -32.5063
301 -799 12.8272 -34.0498
301 -749 14.3509 -35.7104
301 -699 16.1448 -37.4924
301 -649 18.2709 -39.3948
301 -599 20.8078 -41.4083
301 -549 23.8547 -43.5091
301 -499 27.5354 -45.6485
301 -449 32.0021 -47.7374
301 -399 37.4339 -49.6218
301 -349 44.0253 -51.046
301 -299 51.9498 -51.6046
301 -249 61.2776 -50.6913
301 -199 71.8198 -47.482
301 -149 82.8983 -41.0358
301 -99 93.1367 -30.6327
301 -49 100.548 -16.368
301 1 103.211 0.342889
301 51 100.332 16.9995
301 101 92.7671 31.1275
301 151 82.4597 41.3665
301 201 71.3812 47.6664
301 251 60.8786 50.7658
301 301 51.6058 51.6058
301 351 43.7371 51.0024
301 401 37.1957 49.5531
301 451 31.8062 47.6565
301 501 27.3742 45.5631
301 551 23.7215 43.4239
301 601 20.6973 41.3259
301 651 18.1785 39.3164
301 701 16.0671 37.4188
301 751 14.2851 35.6417
301 801 12.7712 33.9858
301 851 11.4765 32.4469
301 901 10.3624 31.0185
301 951 9.39805 29.6929

351 -999 0 0
351 -949 0 0
351 -899 11.7075 -29.986
351 -849 12.9199 -31.2507
351 -799 14.3177 -32.5923
351 -749 15.9374 -34.009
351 -699 17.8234 -35.4946
351 -649 20.0301 -37.0357
351 -599 22.6232 -38.6077
351 -549 25.6815 -40.1685
351 -499 29.297 -41.6502
351 -449 33.5725 -42.946
351 -399 38.6131 -43.8935
351 -349 44.5074 -44.2538
351 -299 51.2903 -43.6917
351 -249 58.8785 -41.7684
351 -199 66.9797 -37.9741
351 -149 74.9951 -31.8353
351 -99 81.9871 -23.1244
351 -49 86.8175 -12.1197
351 1 88.5088 0.252159
351 51 86.6795 12.5943
351 101 81.7413 23.5208
351 151 74.6869 32.1301
351 201 66.6522 38.1682
351 251 58.5623 41.8778
351 301 51.0024 43.7371
351 351 44.2546 44.2546
351 401 38.3955 43.865
351 451 33.3875 42.8996
351 501 29.1404 41.5937
351 551 25.5491 40.1071
351 601 22.5111 38.5447
351 651 19.9349 36.9733
351 701 17.7422 35.434
351 751 15.8678 33.9509
351 801 14.2578 32.5371
351 851 12.8681 31.1987
351 901 11.6625 29.937
351 951 0 0

401 -999 0 0
401 -949 0 0
401 -899 12.8563 -28.8224
401 -849 14.1308 -29.9179
401 -799 15.5877 -31.0589
401 -749 17.2592 -32.2374
401 -699 19.1834 -33.4395
401 -649 21.405 -34.643
401 -599 23.9756 -35.8139
401 -549 26.953 -36.9008
401 -499 30.3994 -37.8288
401 -449 34.3755 -38.4903
401 -399 38.9302 -38.7361
401 -349 44.0823 -38.3659
401 -299 49.7908 -37.1258
401 -249 55.9141 -34.7196
401 -199 62.1639 -30.8493
401 -149 68.0745 -25.2944
401 -99 73.0225 -18.0279
401 -49 76.3336 -9.32747
401 1 77.4729 0.193198
401 51 76.2401 9.6963
401 101 72.8517 18.3491
401 151 67.8521 25.5501
401 201 61.9167 31.0354
401 251 55.6642 34.8421
401 301 49.5531 37.1957
401 351 43.865 38.3955
401 401 38.7366 38.7366
401 451 34.2056 38.4707
401 501 30.2518 37.7959
401 551 26.8254 36.8598
401 601 23.8653 35.7683
401 651 21.3098 34.5952
401 701 19.1011 33.3912
401 751 17.1878 32.1897
401 801 15.5256 31.0125
401 851 14.0765 29.8732
401 901 12.8087 28.7796
401 951 0 0

451 -999 0 0
451 -949 0 0
451 -899 0 0
451 -849 15.1602 -28.5389
451 -799 16.6442 -29.4871
451 -749 18.3295 -30.4408
451 -699 20.2472 -31.3809
451 -649 22.432 -32.2803
451 -599 24.9218 -33.1002
451 -549 27.7556 -33.7868
451 -499 30.9704 -34.2666
451 -449 34.5951 -34.4417
451 -399 38.6404 -34.1852
451 -349 43.0843 -33.3401
451 -299 47.8518 -31.7243
451 -249 52.792 -29.1467
451 -199 57.6584 -25.4412
451 -149 62.1055 -20.5181
451 -99 65.7176 -14.4257
451 -49 68.0806 -7.39674
451 1 68.8839 0.152735
451 51 68.0145 7.69117
451 101 65.5945 14.6896
451 151 61.9407 20.7384
451 201 57.4692 25.6126
451 251 52.5938 29.2706
451 301 47.6565 31.8062
451 351 42.8996 33.3875
451 401 38.4707 34.2056
451 451 34.442 34.442
451 501 30.8341 34.2526
451 551 27.6352 33.7627
451 601 24.8159 33.0695
451 651 22.339 32.2455
451 701 20.1656 31.3439
451 751 18.2578 30.4027
451 801 16.5811 29.449
451 851 15.1046 28.5012
451 901 0 0
451 951 0 0

501 -999 0 0
501 -949 0 0
501 -899 0 0
501 -849 16.0161 -27.141
501 -799 17.4999 -27.909
501 -749 19.168 -28.6563
501 -699 21.0443 -29.3613
501 -649 23.1544 -29.9944
501 -599 25.5237 -30.5164
501 -549 28.1759 -30.8754
501 -499 31.1287 -31.0045
501 -449 34.3888 -30.8195
501 -399 37.9433 -30.2183
501 -349 41.7499 -29.0832
501 -299 45.7237 -27.2881
501 -249 49.7263 -24.7142
501 -199 53.5593 -21.274
501 -149 56.9705 -16.9433
501 -99 59.6792 -11.7928
501 -49 61.422 -6.00731
501 1 62.0093 0.12377
501 51 61.3736 6.24758
501 101 59.5878 12.0127
501 151 56.8457 17.1331
501 201 53.4123 21.4288
501 251 49.568 24.8334
501 301 45.5631 27.3742
501 351 41.5937 29.1404
501 401 37.7959 30.2518
501 451 34.2526 30.8341
501 501 31.0047 31.0047
501 551 28.0641 30.865
501 601 25.4237 30.4983
501 651 23.0652 29.9709
501 701 20.965 29.3342
501 751 19.0974 28.6271
501 801 17.4371 27.8786
501 851 15.9602 27.1101
501 901 0 0
501 951 0 0

551 -999 0 0
551 -949 0 0
551 -899 0 0
551 -849 0 0
551 -799 18.1717 -26.3506
551 -749 19.7984 -26.9129
551 -699 21.6078 -27.4118
551 -649 23.6172 -27.8177
551 -599 25.842 -28.0932
551 -549 28.2937 -28.191
551 -499 30.9767 -28.0533
551 -449 33.883 -27.6107
551 -399 36.9872 -26.7838
551 -349 40.2391 -25.4871
551 -299 43.5565 -23.6359
551 -249 46.8208 -21.1585
551 -199 49.8767 -18.0135
551 -149 52.5405 -14.2078
551 -99 54.6193 -9.81359
551 -49 55.9401 -4.97469
551 1 56.3824 0.102327
551 51 55.9036 5.17436
551 101 54.5497 9.99908
551 151 52.4439 14.372
551 201 49.7607 18.1522
551 251 46.6931 21.2703
551 301 43.4239 23.7215
551 351 40.1071 25.5491
551 401 36.8598 26.8254
551 451 33.7627 27.6352
551 501 30.865 28.0641
551 551 28.1912 28.1912
551 601 25.7487 28.0852
551 651 23.5327 27.8037
551 701 21.5317 27.3934
551 751 19.73 26.8915
551 801 18.1102 26.3271
551 851 0 0
551 901 0 0
551 951 0 0

601 -999 0 0
601 -949 0 0
601 -899 0 0
601 -849 0 0
601 -749 20.2462 -25.232
601 -699 21.9711 -25.5538
601 -649 23.8638 -25.7698
601 -599 25.932 -25.8457
601 -549 28.1785 -25.7404
601 -499 30.5982 -25.4052
601 -449 33.1753 -24.7848
601 -399 35.8782 -23.8193
601 -349 38.6564 -22.4477
601 -299 41.4359 -20.6145
601 -249 44.1187 -18.2788
601 -199 46.5844 -15.4247
601 -149 48.6986 -12.0733
601 -99 50.3262 -8.28998
601 -49 51.3505 -4.18663
601 1 51.6917 0.0860091
601 51 51.3222 4.35512
601 101 50.272 8.44835
601 151 48.6225 12.2163
601 201 46.4916 15.5487
601 251 44.0147 18.3821
601 301 41.3259 20.6973
601 351 38.5447 22.5111
601 401 35.7683 23.8653
601 451 33.0695 24.8159
601 501 30.4983 25.4237
601 551 28.0852 25.7487
601 601 25.8459 25.8459
601 651 23.7848 25.7636
601 701 21.899 25.5427
601 751 20.1806 25.2173
601 801 0 0
601 851 0 0
601 901 0 0
601 951 0 0

651 -999 0 0
651 -949 0 0
651 -899 0 0
651 -849 0 0
651 -799 0 0
651 -749 20.5366 -23.6281
651 -699 22.1662 -23.8005
651 -649 23.9342 -23.8607
651 -599 25.8426 -23.7783
651 -549 27.888 -23.5185
651 -499 30.06 -23.0414
651 -449 32.3383 -22.304
651 -399 34.6902 -21.2617
651 -349 37.0681 -19.8721
651 -299 39.4084 -18.1
651 -249 41.6311 -15.9234
651 -199 43.6434 -13.3411
651 -149 45.3461 -10.3787
651 -99 46.6429 -7.09314
651 -49 47.4528 -3.5717
651 1 47.7215 0.0733047
651 51 47.4305 3.71574
651 101 46.5999 7.22977
651 151 45.2852 10.5039
651 201 43.5682 13.4519
651 251 41.5456 16.0183
651 301 39.3164 18.1785
651 351 36.9733 19.9349
651 401 34.5952 21.3098
651 451 32.2455 22.339
651 501 29.9709 23.0652
651 551 27.8037 23.5327
651 601 25.7636 23.7848
651 651 23.8608 23.8608
651 701 22.0983 23.7956
651 751 20.4742 23.6192
651 801 0 0
651 851 0 0
651 901 0 0
651 951 0 0

701 -999 0 0
701 -949 0 0
701 -899 0 0
701 -849 0 0
701 -799 0 0
701 -749 0 0
701 -699 22.2222 -22.1588
701 -649 23.8634 -22.0932
701 -599 25.6148 -21.8877
701 -549 27.4694 -21.5131
701 -499 29.4135 -20.9377
701 -449 31.4253 -20.1283
701 -399 33.4733 -19.0525
701 -349 35.5149 -17.6814
701 -299 37.4961 -15.9933
701 -249 39.3526 -13.9783
701 -199 41.0126 -11.6427
701 -149 42.4021 -9.01269
701 -99 43.4511 -6.13645
701 -49 44.1023 -3.08275
701 1 44.3177 0.0632205
701 51 44.0844 3.20728
701 101 43.4165 6.25543
701 151 42.3526 9.12301
701 201 40.951 11.742
701 251 39.2816 14.0651
701 301 37.4188 16.0671
701 351 35.434 17.7422
701 401 33.3912 19.1011
701 451 31.3439 20.1656
701 501 29.3342 20.965
701 551 27.3934 21.5317
701 601 25.5427 21.899
701 651 23.7956 22.0983
701 701 22.1589 22.1589
701 751 0 0
701 801 0 0
701 851 0 0
701 901 0 0
701 951 0 0

751 -999 0 0
751 -949 0 0
751 -899 0 0
751 -849 0 0
751 -799 0 0
751 -749 0 0
751 -699 0 0
751 -649 23.6816 -20.4652
751 -599 25.2829 -20.1657
751 -549 26.9599 -19.7083
751 -499 28.6975 -19.068
751 -449 30.4742 -18.2196
751 -399 32.2609 -17.1399
751 -349 34.0202 -15.8096
751 -299 35.7072 -14.2163
751 -249 37.2701 -12.3572
751 -199 38.6532 -10.2423
751 -149 39.8005 -7.89649
751 -99 40.6606 -5.36004
751 -49 41.1918 -2.68761
751 1 41.3671 0.0550826
751 51 41.1773 2.79632
751 101 40.6323 5.46452
751 151 39.7598 7.9943
751 201 38.602 10.3315
751 251 37.2106 12.4366
751 301 35.6417 14.2851
751 351 33.9509 15.8678
751 401 32.1897 17.1878
751 451 30.4027 18.2578
751 501 28.6271 19.0974
751 551 26.8915 19.73
751 601 25.2173 20.1806
751 651 23.6192 20.4742
751 701 0 0
751 751 0 0
751 801 0 0
751 851 0 0
751 901 0 0
751 951 0 0

801 -999 0 0
801 -949 0 0
801 -899 0 0
801 -849 0 0
801 -799 0 0
801 -749 0 0
801 -699 0 0
801 -649 0 0
801 -549 26.3886 -18.0865
801 -499 27.9412 -17.4065
801 -449 29.5119 -16.5428
801 -399 31.0744 -15.479
801 -349 32.5968 -14.2026
801 -299 34.0416 -12.7071
801 -249 35.3673 -10.9943
801 -199 36.5302 -9.07554
801 -149 37.4878 -6.97337
801 -99 38.2014 -4.72151
801 -49 38.6404 -2.36376
801 1 38.7849 0.0484205
801 51 38.6284 2.45948
801 101 38.178 4.81394
801 151 37.4539 7.06059
801 201 36.4874 9.156
801 251 35.3171 11.0669
801 301 33.9858 12.7712
801 351 32.5371 14.2578
801 401 31.0125 15.5256
801 451 29.449 16.5811
801 501 27.8786 17.4371
801 551 26.3271 18.1102
801 601 0 0
801 651 0 0
801 701 0 0
801 751 0 0
801 801 0 0
801 851 0 0
801 901 0 0
801 951 0 0

851 -999 0 0
851 -949 0 0
851 -899 0 0
851 -849 0 0
851 -799 0 0
851 -749 0 0
851 -699 0 0
851 -649 0 0
851 -599 0 0
851 -549 0 0
851 -499 27.1658 -15.9292
851 -449 28.5566 -15.0669
851 -399 29.9273 -14.0317
851 -349 31.2503 -12.8159
851 -299 32.4948 -11.4171
851 -249 33.6272 -9.83922
851 -199 34.6134 -8.09408
851 -149 35.4203 -6.20167
851 -99 36.0187 -4.19018
851 -49 36.3856 -2.09505
851 1 36.5061 0.0428978
851 51 36.3755 2.17996
851 101 35.9991 4.27251
851 151 35.3919 6.27987
851 201 34.5772 8.16687
851 251 33.5845 9.90565
851 301 32.4469 11.4765
851 351 31.1987 12.8681
851 401 29.8732 14.0765
851 451 28.5012 15.1046
851 501 27.1101 15.9602
851 551 0 0
851 601 0 0
851 651 0 0
851 701 0 0
851 751 0 0
851 801 0 0
851 851 0 0
851 901 0 0
851 951 0 0

901 -999 0 0
901 -949 0 0
901 -899 0 0
901 -849 0 0
901 -799 0 0
901 -749 0 0
901 -699 0 0
901 -649 0 0
901 -599 0 0
901 -549 0 0
901 -499 0 0
901 -449 0 0
901 -399 28.8271 -12.7658
901 -349 29.9819 -11.6134
901 -299 31.0598 -10.3073
901 -249 32.0337 -8.85282
901 -199 32.8765 -7.26129
901 -149 33.5624 -5.55027
901 -99 34.069 -3.74342
901 -49 34.3786 -1.86965
901 1 34.4803 0.0382688
901 51 34.3702 1.94548
901 101 34.0524 3.81719
901 151 33.5383 5.62073
901 201 32.8457 7.32738
901 251 31.9971 8.91373
901 301 31.0185 10.3624
901 351 29.937 11.6625
901 401 28.7796 12.8087
901 451 0 0
901 501 0 0
901 551 0 0
901 601 0 0
901 651 0 0
901 701 0 0
901 751 0 0
901 801 0 0
901 851 0 0
901 901 0 0
901 951 0 0

951 -999 0 0
951 -949 0 0
951 -899 0 0
951 -849 0 0
951 -799 0 0
951 -749 0 0
951 -699 0 0
951 -649 0 0
951 -599 0 0
951 -549 0 0
951 -499 0 0
951 -449 0 0
951 -399 0 0
951 -349 0 0
951 -299 29.7287 -9.34688
951 -249 30.5716 -8.00455
951 -199 31.2971 -6.54901
951 -149 31.8848 -4.99561
951 -99 32.3172 -3.36425
951 -49 32.581 -1.67872
951 1 32.6674 0.0343506
951 51 32.5738 1.74686
951 101 32.3031 3.43071
951 151 31.8641 5.05939
951 201 31.2706 6.60923
951 251 30.54 8.0605
951 301 29.6929 9.39805
951 351 0 0
951 401 0 0
951 451 0 0
951 501 0 0
951 551 0 0
951 601 0 0
951 651 0 0
951 701 0 0
951 751 0 0
951 801 0 0
951 851 0 0
951 901 0 0
951 951 0 0

